最后10分钟，我只想找个女朋友，只为她一个人做一切她让我做的！认真起来连自己都觉得害怕！评论吧 ​​​	4	6	2017-02-13 23:50    
0.502	0.381	0.0	0.0	0.0	0.0	0.0	0.0	0.0	0.056	0.0	0.0	0.0	0.0	0.0	0.037	0.0	0.0	0.0	0.0	0.0	0.0	0.0	0.0	0.0	0.0	0.0	0.0	0.0	0.0

有人看过《乘风破浪》吗？最后小马的结局是什么?我睡着了，没看到，谁能和我说一下。评论一下呗。谢谢大家，祝大家鸡年行大运。 ​​​	2	10	2017-02-05 21:31    
0.502	0.381	0.0	0.0	0.0	0.0	0.0	0.0	0.0	0.0	0.0	0.0	0.05	0.0	0.0	0.0	0.0	0.0	0.0	0.0	0.0	0.0	0.0	0.0	0.0	0.0	0.0	0.0	0.0	0.0

低价出一部金色i6p。16g，用了2年，屏幕脱胶有点翘起来，可以正常使用，不喜欢可以自己换屏大概250，有意的评论，我私聊你 ​​​	2	11	2017-02-05 17:03    
0.502	0.381	0.0	0.131	0.0	0.075	0.069	0.0	0.0	0.0	0.0	0.0	0.0	0.0	0.0	0.0	0.0	0.0	0.0	0.0	0.031	0.0	0.031	0.0	0.0	0.0	0.0	0.0	0.0	0.0

小仙女们 ysl黑管 401 410 406有货啦～不晓得有没有人要～2.13回国 韩代～所有色号不加价!240一支～407 409这种很热门的色号接受预定～价格一样～ 另外 方管的色号今天挺齐的 要的评论下 手快有手慢无～ ​​​	2	3	2017-02-03 10:09    
0.502	0.381	0.0	0.0	0.0	0.0	0.0	0.069	0.0	0.0	0.0	0.0	0.0	0.0	0.0	0.0	0.0	0.0	0.0	0.0	0.0	0.0	0.0	0.0	0.0	0.0	0.0	0.0	0.0	0.0

春天到了，i栋好多来找男女朋友的。为什么你们不放照片？博主放照片，喜欢的评论时也放照片。这样成功率不是更高吗？对吧！放照片！ ​​​	3	11	2017-02-02 22:52    
0.502	0.381	0.0	0.0	0.0	0.0	0.0	0.0	0.0	0.0	0.0	0.0	0.0	0.0	0.0	0.0	0.0	0.0	0.0	0.0	0.031	0.0	0.0	0.0	0.0	0.0	0.0	0.0	0.0	0.0

有朋友想买二手5s，有的欢迎评论，我私信您 ​​​	2	10	2017-01-30 19:33    
0.502	0.381	0.0	0.0	0.081	0.0	0.0	0.0	0.0	0.0	0.0	0.0	0.0	0.0	0.0	0.0	0.0	0.0	0.0	0.0	0.0	0.0	0.0	0.0	0.0	0.0	0.0	0.0	0.0	0.0

这些书有人要不？5元/本。需要的话评论喽[微笑]@广中医I栋 ​​​	4	9	2017-02-22 13:02    
0.502	0.381	0.0	0.0	0.0	0.0	0.0	0.0	0.0	0.0	0.0	0.0	0.05	0.0	0.0	0.0	0.0	0.0	0.0	0.0	0.0	0.031	0.0	0.0	0.0	0.031	0.0	0.0	0.0	0.0

和男神很少聊天，刚发现，自己发的每条朋友圈他都有点赞或者评论，有些小开心。嘘……别喷。 ​​​	4	8	2017-02-20 02:30    
0.502	0.381	0.0	0.0	0.0	0.0	0.0	0.0	0.0	0.0	0.0	0.0	0.0	0.0	0.0	0.0	0.0	0.0	0.0	0.0	0.0	0.0	0.0	0.0	0.0	0.0	0.0	0.0	0.0	0.0

招家教兼职 时间：每周一二五下午4：00—6：00（有时3—6） 要求女，地点大学城附近 交通便利 ​公交车就能到了，要求要做满一个学期。联系方式看评论 ​​​	2	8	2017-02-17 20:15    
0.502	0.381	0.0	0.0	0.0	0.0	0.0	0.0	0.0	0.0	0.056	0.0	0.0	0.0	0.0	0.0	0.0	0.0	0.0	0.0	0.0	0.0	0.0	0.0	0.0	0.0	0.025	0.0	0.0	0.0

iphone 5s，32G内存，九五成新，深空灰色，750元，非诚勿扰，不刀，支持联通234g,移动2g，有意者留下评论 ​​​	5	5	2017-02-17 08:09    
0.502	0.381	0.0	0.0	0.0	0.0	0.0	0.0	0.062	0.0	0.0	0.0	0.0	0.0	0.0	0.0	0.0	0.0	0.0	0.0	0.0	0.0	0.0	0.0	0.0	0.031	0.0	0.0	0.0	0.0

两天后去香港，要帮忙代购吗，大学城。评论我私聊你 ​​​	3	4	2017-02-18 10:18    
0.502	0.381	0.0	0.131	0.0	0.0	0.0	0.0	0.0	0.0	0.056	0.0	0.0	0.0	0.0	0.0	0.0	0.0	0.0	0.0	0.0	0.0	0.0	0.0	0.0	0.0	0.0	0.025	0.0	0.0

谁的 小花猫？在广中医一饭门前  失主评论 ​​​	2	7	2017-02-15 18:46    
0.502	0.381	0.0	0.0	0.0	0.0	0.0	0.0	0.0	0.0	0.0	0.0	0.0	0.0	0.0	0.0	0.0	0.0	0.0	0.0	0.0	0.031	0.0	0.0	0.0	0.0	0.0	0.0	0.0	0.0

那条微博下评论下潮汕妹子们，问你们一句，你们愿意嫁到外地去？ ​​​	2	8	2017-02-10 23:29    
0.502	0.381	0.0	0.0	0.0	0.0	0.0	0.0	0.0	0.0	0.0	0.0	0.0	0.0	0.0	0.0	0.0	0.0	0.0	0.0	0.0	0.0	0.0	0.0	0.0	0.0	0.0	0.0	0.0	0.0

老爸在香港给带了苹果6s，32G的，现出售3800元，新的未开封过得，有想要的同学评论里回复。 ​​​	2	17	2017-02-01 17:48    
0.502	0.381	0.0	0.0	0.0	0.0	0.0	0.0	0.0	0.0	0.0	0.05	0.0	0.0	0.0	0.0	0.0	0.0	0.0	0.0	0.0	0.0	0.0	0.0	0.0	0.031	0.0	0.025	0.0	0.0

肌研极润面霜，只用过3-4次，70出。有人要吗？评论吧[傻笑] ​​​	2	6	2017-02-02 23:19    
0.502	0.381	0.0	0.0	0.0	0.0	0.069	0.0	0.0	0.0	0.0	0.0	0.05	0.0	0.0	0.0	0.0	0.0	0.0	0.0	0.0	0.0	0.0	0.0	0.0	0.0	0.0	0.0	0.0	0.0

明天回学校住了，有没有已经在校或即将在校的小伙伴，互相照顾有个伴，评论我私信你 ​​​	2	7	2017-02-01 22:45    
0.502	0.381	0.0	0.0	0.081	0.0	0.0	0.0	0.0	0.0	0.0	0.0	0.0	0.0	0.0	0.0	0.0	0.0	0.0	0.0	0.0	0.0	0.0	0.0	0.0	0.0	0.0	0.0	0.0	0.0

我身边的男性朋友或同学都会和女朋友跨完年（电话或者微信），再决定是否要和朋友一起出去玩，上面评论那些作的矫情的说分手的，不知道你是否有女朋友[呵呵] ​​​	4	17	2017-01-28 17:28    
0.502	0.381	0.0	0.0	0.0	0.0	0.0	0.0	0.0	0.056	0.0	0.05	0.0	0.0	0.0	0.0	0.0	0.0	0.0	0.0	0.0	0.0	0.0	0.0	0.0	0.0	0.0	0.0	0.0	0.0

我已经连续三四次收到这狗屎发来的评论或者私信了 如果是广中医的望周知 ​​​	2	11	2017-02-24 12:44    
0.502	0.381	0.0	0.0	0.081	0.0	0.0	0.0	0.0	0.0	0.0	0.0	0.0	0.0	0.0	0.0	0.0	0.0	0.0	0.0	0.0	0.031	0.0	0.0	0.0	0.0	0.0	0.0	0.0	0.0

有人想一起去图书馆学习，一起运动嘛？本人女。有的评论私聊 ​​​	4	15	2017-02-27 00:29    
0.502	0.381	0.0	0.131	0.0	0.0	0.0	0.0	0.0	0.0	0.0	0.0	0.05	0.0	0.0	0.0	0.0	0.0	0.0	0.0	0.0	0.0	0.0	0.0	0.0	0.0	0.025	0.0	0.0	0.0

有没有小仙女有兴趣学跳韩国女团的舞蹈？没有任何有要求，只要有意愿就可以加入，有兴趣的评论，我私聊你。 ​​​	2	7	2017-03-02 19:55    
0.502	0.381	0.0	0.131	0.0	0.0	0.0	0.0	0.0	0.0	0.0	0.0	0.0	0.0	0.0	0.0	0.0	0.0	0.0	0.0	0.0	0.0	0.0	0.0	0.0	0.0	0.0	0.0	0.0	0.0

【大学城】谁有闲置的15版的毛概或15版的马原要出咩？评论我私你～ ​​​	2	11	2017-03-02 19:52    
0.502	0.381	0.0	0.0	0.0	0.0	0.0	0.0	0.0	0.0	0.056	0.0	0.0	0.0	0.0	0.0	0.0	0.0	0.0	0.0	0.0	0.0	0.0	0.0	0.0	0.0	0.0	0.0	0.0	0.0

三元里校区招家教，没有图片的话就看评论 ​​​	2	3	2017-02-28 12:32    
0.502	0.381	0.0	0.0	0.0	0.0	0.0	0.0	0.0	0.0	0.0	0.0	0.0	0.0	0.0	0.0	0.0	0.0	0.0	0.0	0.0	0.0	0.0	0.0	0.0	0.0	0.0	0.0	0.0	0.0

想找一个摄影协会的男朋友。需要女朋友的评论 ​​​	2	7	2017-03-03 16:37    
0.502	0.381	0.0	0.0	0.0	0.0	0.0	0.0	0.0	0.056	0.0	0.0	0.0	0.0	0.0	0.0	0.0	0.0	0.0	0.0	0.0	0.0	0.0	0.0	0.0	0.0	0.0	0.0	0.0	0.0

刷刷手环2代，宝石款，广东岭南通版，可以计步刷公交地铁当闹钟短信提示等功能，用了没到半年，因实习原因比较少带，基本上闲置，无任何划痕和损坏，160出，有意者评论，我私你。 ​​​	3	3	2017-03-04 18:14    
0.502	0.381	0.0	0.0	0.0	0.0	0.069	0.0	0.062	0.0	0.0	0.0	0.0	0.0	0.0	0.0	0.0	0.0	0.0	0.0	0.0	0.0	0.0	0.0	0.0	0.0	0.0	0.0	0.0	0.0

请问有同学可以帮忙买温通膏吗？评论我私聊你，谢谢～ ​​​	2	3	2017-03-04 19:56    
0.502	0.381	0.0	0.131	0.0	0.0	0.0	0.0	0.0	0.0	0.0	0.05	0.0	0.0	0.0	0.0	0.0	0.0	0.0	0.0	0.0	0.0	0.0	0.0	0.0	0.0	0.0	0.0	0.0	0.0

发树洞方法1.微信关注广中I栋医（gzyyws），菜单栏有发微博的功能。2.发布端 http://t.cn/RxkN6LD若想与发布人联系，请直接在原微博下面评论，发布者是收不了私信的，请大家不是与i栋君联系的话就别私信了。 ​​​	10	48	2017-03-05 22:15    
0.502	0.381	0.0	0.0	0.081	0.0	0.0	0.0	0.0	0.0	0.0	0.0	0.0	0.0	0.0	0.0	0.0	0.037	0.0	0.0	0.0	0.0	0.0	0.0	0.031	0.0	0.0	0.0	0.0	0.0

讲道理讲不过别人就删除别人评论，拉黑别人。这种人真的恶心。而且删了别人难道是想制造出别人讲不过她的错觉咩？不过看到这个不要自我代入噢，万一我不认呢，呵呵。 ​​​	2	6	2017-03-06 09:04    
0.502	0.381	0.0	0.0	0.0	0.0	0.0	0.0	0.0	0.0	0.0	0.0	0.0	0.0	0.0	0.0	0.0	0.0	0.0	0.0	0.0	0.0	0.0	0.0	0.0	0.0	0.0	0.0	0.0	0.0

出售大学城电影票巨幕一律364D一律25有意请评论 ​​​	2	4	2017-03-12 23:11    
0.502	0.381	0.0	0.0	0.0	0.075	0.0	0.0	0.0	0.0	0.056	0.0	0.0	0.0	0.0	0.0	0.0	0.0	0.0	0.0	0.0	0.0	0.0	0.0	0.031	0.0	0.0	0.0	0.0	0.0

我是那个想和女孩子谈恋爱的女孩子，上次的评论太乱七八糟了，再来一次，认真的就评论加个0。(顺便问下有没有广中医les群) ​​​	4	9	2017-03-11 21:45    
0.502	0.381	0.0	0.0	0.0	0.0	0.0	0.0	0.0	0.0	0.0	0.0	0.0	0.0	0.0	0.0	0.0	0.0	0.0	0.0	0.0	0.031	0.0	0.0	0.0	0.0	0.0	0.0	0.0	0.0

出自动卷发器，没用过几次，25出，有意评论我私聊你。 ​​​	2	3	2017-03-12 16:19    
0.502	0.381	0.0	0.131	0.0	0.075	0.069	0.0	0.0	0.0	0.0	0.0	0.0	0.0	0.0	0.0	0.0	0.0	0.0	0.0	0.0	0.0	0.0	0.0	0.0	0.0	0.0	0.0	0.0	0.0

【新生收购书】请问师兄师姐有这些书吗~如果可以卖的师兄师姐微博评论下，感谢！！ ​​​	2	10	2017-03-15 14:10    
0.502	0.381	0.0	0.0	0.0	0.0	0.0	0.0	0.0	0.0	0.0	0.0	0.0	0.0	0.0	0.0	0.0	0.0	0.0	0.0	0.0	0.0	0.0	0.0	0.0	0.0	0.0	0.0	0.0	0.0

李小翠同学，我捡到了你的一卡通，评论我私信你！ ​​​	4	3	2017-03-14 18:32    
0.502	0.381	0.0	0.0	0.081	0.0	0.0	0.0	0.0	0.0	0.0	0.05	0.0	0.0	0.0	0.0	0.0	0.0	0.0	0.0	0.0	0.0	0.0	0.0	0.0	0.0	0.0	0.0	0.0	0.0

有没有2018年考研的小伙伴，并且落了单，评论一下，我和你一起去泡自习室呀，感觉一个人好难坚持啊，如果住在l和m栋这边那便是最好了[可怜] ​​​	2	11	2017-03-09 18:39    
0.502	0.381	0.0	0.0	0.0	0.0	0.0	0.0	0.0	0.0	0.0	0.0	0.0	0.0	0.0	0.0	0.0	0.0	0.0	0.0	0.0	0.0	0.031	0.0	0.0	0.0	0.0	0.0	0.025	0.0

周六去香港周日回校～1:1全部人肉背回，有要代购的宝宝吗～第一条评论是博主[污]来私信我吧 ​​​	2	3	2017-03-09 19:58    
0.502	0.381	0.0	0.0	0.081	0.0	0.0	0.0	0.0	0.0	0.0	0.0	0.0	0.0	0.0	0.0	0.0	0.0	0.0	0.0	0.0	0.0	0.0	0.0	0.0	0.0	0.0	0.025	0.0	0.0

我是女孩子，我好想和女孩子谈恋爱啊啊啊啊啊，认真的，不可以批评我，喜欢短头发的女孩子，评论我找你 ​​​	14	23	2017-03-09 23:52    
0.502	0.381	0.0	0.0	0.0	0.0	0.0	0.0	0.0	0.0	0.0	0.0	0.0	0.0	0.0	0.0	0.0	0.0	0.0	0.0	0.031	0.0	0.0	0.0	0.0	0.0	0.0	0.0	0.0	0.0

各位同学，最近师兄又要回一趟大学城了，[捂脸]，有需要温通膏的同学吗？我可以帮你带过去哦哦。三元里的同学也可以帮忙带哦哦。一只是13快，有需要的下方评论，师兄（师弟）会私信你的哟。[奸笑][奸笑] ​​​	3	22	2017-03-09 18:24    
0.502	0.381	0.0	0.0	0.081	0.0	0.0	0.0	0.0	0.0	0.056	0.05	0.0	0.0	0.0	0.0	0.0	0.0	0.0	0.0	0.0	0.0	0.0	0.0	0.0	0.0	0.0	0.0	0.0	0.0

大三师姐跳楼甩卖单车，六成新，仅需50，可小刀，有意的dd&mm评论私聊[害羞][害羞] ​​​	2	5	2017-03-18 20:51    
0.502	0.381	0.0	0.131	0.0	0.075	0.0	0.0	0.0	0.0	0.0	0.0	0.0	0.0	0.0	0.0	0.0	0.0	0.0	0.0	0.0	0.0	0.0	0.0	0.0	0.0	0.0	0.0	0.0	0.0

诚招大一或大二的师弟，师妹，做药理或药化实验，负责毕业论文。有意者评论。[呵呵] ​​​	2	8	2017-03-07 10:23    
0.502	0.381	0.0	0.0	0.0	0.0	0.0	0.0	0.062	0.0	0.0	0.0	0.0	0.0	0.0	0.0	0.0	0.0	0.0	0.0	0.0	0.0	0.0	0.0	0.0	0.0	0.0	0.0	0.0	0.0

想问一下宿舍楼电梯口上面的监控有开的吗，我想调监控看一下。外卖被偷了，心态有点炸。希望知情的同学在评论里面回复一下。有时候真的搞不懂这些大学生怎么这么没素质，这位偷我外卖的同学真是幸运要拿你出来杀鸡儆猴了。希望大家可以洁身自爱。谢谢。 ​​​	4	4	2017-03-19 13:22
0.502	0.381	0.0	0.0	0.0	0.0	0.0	0.0	0.0	0.0	0.0	0.05	0.0	0.044	0.0	0.0	0.0	0.0	0.0	0.0	0.0	0.0	0.0	0.0	0.0	0.0	0.0	0.0	0.0	0.0

《LIBER·中国（广州）国际时尚周》       实习生招聘       要求：每天负责任收集整理图片以及视频素材，熟练PPT制作。   具体看评论图片。不知为什么上传不了图片。 ​​​	3	3	2017-03-29 13:37    
0.502	0.381	0.0	0.0	0.0	0.0	0.0	0.0	0.0	0.0	0.0	0.0	0.0	0.0	0.0	0.0	0.0	0.0	0.031	0.0	0.0	0.0	0.0	0.0	0.0	0.0	0.0	0.0	0.0	0.0

出考研英语政治资料，有需要的可评论，价格合适即可。 ​​​	2	2	2017-03-30 10:49    
0.502	0.381	0.0	0.0	0.0	0.0	0.069	0.069	0.0	0.0	0.0	0.0	0.0	0.0	0.0	0.0	0.0	0.0	0.0	0.0	0.0	0.0	0.0	0.0	0.0	0.0	0.0	0.0	0.025	0.0

#出闲置# 闲置的东西实在是太多了［哭哭］有亲自从国外带回的，也有朋友送的。我一个人实在用不了这么多。求小仙女带走，价格可议～1.美国[美国]Jordache香水2.美国[美国]小蓝罐护唇膏3.智利变色润唇膏4. 韩国[韩国]美迪惠尔面膜有兴趣的留评论，我私聊你～么么。 ​​​	2	2	2017-03-29 22:50    
0.502	0.381	0.0	0.131	0.0	0.0	0.069	0.069	0.0	0.0	0.0	0.0	0.0	0.0	0.0	0.0	0.0	0.0	0.0	0.0	0.0	0.0	0.0	0.0	0.0	0.0	0.0	0.0	0.0	0.0

清明打算游玩庐山赣州一带   经费1000左右   现求一枚小伙伴同游  有意者评论“菠萝菠萝蜜”  我私聊你  哦  本人性别女   非诚勿扰 ​​​	2	10	2017-03-29 22:41    
0.502	0.381	0.0	0.131	0.0	0.0	0.0	0.0	0.062	0.0	0.0	0.0	0.0	0.0	0.0	0.0	0.0	0.0	0.0	0.0	0.0	0.0	0.0	0.0	0.0	0.0	0.025	0.0	0.0	0.0

考完全国大学生英语竞赛c类，明年再战，现在出书。四本20。谁要，下面评论。 ​​​	8	3	2017-04-09 11:54    
0.502	0.381	0.0	0.0	0.0	0.0	0.0	0.0	0.0	0.0	0.0	0.0	0.0	0.0	0.0	0.0	0.0	0.0	0.0	0.0	0.0	0.0	0.0	0.0	0.0	0.0	0.0	0.0	0.0	0.0

有没有哪位小仙女爱自己做饭的？我这里有一套刨丝切片工具，基本没用过，15出，要的请评论哦，谢谢～ ​​​	4	4	2017-04-09 11:36    
0.502	0.381	0.0	0.0	0.0	0.0	0.069	0.0	0.0	0.0	0.0	0.0	0.0	0.0	0.0	0.0	0.0	0.0	0.0	0.0	0.0	0.0	0.0	0.0	0.031	0.0	0.0	0.0	0.0	0.0

