想在贵校找个女朋友，本人男 ，身高174，体重70，毕业三年，在广州南沙工作，潮汕人，如果有意可点赞我联系你 希望找到心仪那个你 ​​​	3	4	2017-02-13 16:45    
0.502	0.0	0.18	0.0	0.0	0.075	0.0	0.0	0.0	0.056	0.0	0.0	0.0	0.044	0.044	0.037	0.0	0.037	0.031	0.031	0.0	0.0	0.0	0.031	0.0	0.0	0.0	0.0	0.0	0.025

有无妹纸已经回校了的？大学城今晚请你看电影去，有意者点赞我来找你 ​​​	3	2	2017-02-13 15:25    
0.502	0.0	0.18	0.0	0.0	0.0	0.0	0.0	0.062	0.0	0.056	0.0	0.0	0.0	0.0	0.0	0.0	0.0	0.0	0.0	0.0	0.0	0.0	0.0	0.031	0.0	0.0	0.0	0.0	0.0

本人男，五官端正，性格开朗乐观，喜欢运动，希望找一个潮汕女朋友。有意者点赞/:rose/:rose/:rose/:rose/:rose ​​​	2	2	2017-02-11 08:12    
0.502	0.0	0.18	0.0	0.0	0.0	0.0	0.0	0.062	0.056	0.0	0.0	0.0	0.044	0.0	0.0	0.0	0.0	0.0	0.031	0.031	0.0	0.0	0.0	0.0	0.0	0.0	0.0	0.0	0.0

想来场网恋，有意的点赞 ​​​	9	11	2017-01-30 22:27    
0.502	0.0	0.18	0.0	0.0	0.075	0.0	0.0	0.0	0.0	0.0	0.0	0.0	0.0	0.0	0.0	0.0	0.0	0.0	0.0	0.0	0.0	0.0	0.0	0.0	0.0	0.0	0.0	0.0	0.0

想个护士女朋友？不过本人已毕业，要求不是大四就要毕业参加工作的 坐标要求广州 有意点赞 ​​​	4	3	2017-02-20 15:58    
0.502	0.0	0.18	0.0	0.0	0.075	0.0	0.0	0.0	0.056	0.0	0.0	0.0	0.0	0.0	0.0	0.0	0.0	0.031	0.0	0.0	0.0	0.0	0.031	0.0	0.0	0.0	0.0	0.0	0.025

最近很郁闷 有人可以陪我聊天听我发牢骚吗 点赞就好我私聊你 本人女 ​​​	33	7	2017-02-20 13:09    
0.502	0.0	0.18	0.131	0.0	0.0	0.0	0.0	0.0	0.0	0.0	0.0	0.05	0.0	0.0	0.0	0.0	0.0	0.0	0.0	0.0	0.0	0.0	0.0	0.0	0.0	0.025	0.0	0.0	0.0

抽奖抽到的一台新平板，全新未开，有意点赞我私聊你。 ​​​	4	3	2017-02-17 13:41    
0.502	0.0	0.18	0.131	0.0	0.075	0.0	0.0	0.0	0.0	0.0	0.0	0.0	0.0	0.0	0.0	0.037	0.0	0.0	0.0	0.0	0.0	0.0	0.0	0.0	0.0	0.0	0.0	0.0	0.0

想约个人一起跑内环，一个人跑内环好无聊，想着可以一边聊天一边跑步一起锻炼身体，有意者点赞私聊，男女不限[嘻嘻] ​​​	5	4	2017-03-03 16:51    
0.502	0.0	0.18	0.131	0.0	0.0	0.0	0.0	0.062	0.0	0.0	0.0	0.0	0.0	0.0	0.0	0.0	0.0	0.0	0.0	0.0	0.0	0.0	0.0	0.0	0.0	0.0	0.0	0.0	0.0

大四毕业生，身高180，身材健壮，爱运动，动漫，游戏，半宅男，颜值过得去，取得了国外研究生的录取，计划回国，精通普通话粤语，英文交流没问题，广州户口，有房，回来就有车，希望找到喜欢游戏和运动，会说粤语168以上性格阳光善良颜值7分+有意考研或者公务员的另一半。。有意点赞摸摸哒 ​​​	7	16	2017-03-03 17:19    
0.502	0.0	0.18	0.0	0.0	0.075	0.0	0.0	0.0	0.0	0.0	0.0	0.0	0.044	0.044	0.0	0.0	0.0	0.031	0.031	0.031	0.0	0.0	0.0	0.0	0.0	0.0	0.0	0.025	0.0

全新的哦！心动就点赞吧！地点大学城A栋，价格好商量 ​​​	5	3	2017-03-16 12:20    
0.502	0.0	0.18	0.0	0.0	0.0	0.0	0.069	0.0	0.0	0.056	0.0	0.0	0.0	0.0	0.0	0.037	0.0	0.0	0.0	0.0	0.0	0.0	0.0	0.0	0.0	0.0	0.0	0.0	0.0

大三狗，不想毕业后相亲。好想在大学找个女朋友啊，条件不算差，有想找男朋友的女生吗？点赞我私聊你 ​​​	8	6	2017-03-19 11:00    
0.502	0.0	0.18	0.131	0.0	0.0	0.0	0.0	0.0	0.056	0.0	0.0	0.0	0.0	0.0	0.037	0.0	0.0	0.0	0.0	0.0	0.0	0.0	0.031	0.0	0.0	0.0	0.0	0.0	0.0

作为一个理工单身男，毕业后在广州工作快一年了，觉得差不多该谈恋爱了，有没同样是时候脱单的那个你，点赞我私聊你，本人身高176，不沉迷游戏，不宅男 ​​​	7	7	2017-04-09 17:29    
0.502	0.0	0.18	0.131	0.0	0.0	0.0	0.0	0.0	0.0	0.0	0.0	0.0	0.0	0.044	0.0	0.0	0.0	0.031	0.031	0.0	0.0	0.0	0.031	0.0	0.0	0.0	0.0	0.0	0.025

