一个人在宿舍不敢睡觉有人一起聊天吗，点赞评论都可以 ​​​	8	13	2017-02-01 23:43    
0.502	0.381	0.18	0.0	0.0	0.0	0.0	0.0	0.0	0.0	0.0	0.0	0.05	0.0	0.0	0.0	0.0	0.0	0.0	0.0	0.0	0.0	0.0	0.0	0.0	0.0	0.0	0.0	0.0	0.0

在佛山医院工作的师兄，身高170，工作稳定，想找一个以后想在佛山发展的女朋友，点赞或者评论吧 ​​​	8	13	2017-01-31 09:26    
0.502	0.381	0.18	0.0	0.0	0.0	0.0	0.0	0.0	0.056	0.0	0.0	0.0	0.0	0.044	0.0	0.0	0.0	0.0	0.0	0.0	0.0	0.0	0.0	0.0	0.0	0.0	0.0	0.0	0.025

我们学校的网球场一般几点关门？有教授网球的体院的兄弟姐妹吗？有偿，价格好商量~点赞或评论，我私信你！零基础菜鸟特别想学网球！[哆啦A梦花心] ​​​	3	5	2017-02-19 14:27    
0.502	0.381	0.18	0.0	0.081	0.0	0.0	0.069	0.0	0.0	0.0	0.0	0.0	0.0	0.0	0.0	0.0	0.0	0.0	0.0	0.0	0.0	0.0	0.0	0.0	0.0	0.0	0.0	0.0	0.0

找个一起玩王者荣耀上分的队友，男女不限，我主打辅助，游走，目前段位白金4，23级。评论或者点赞我联系你，有空一起开黑吧。本人男 ​​​	2	3	2017-02-16 20:27    
0.502	0.381	0.18	0.0	0.0	0.0	0.0	0.0	0.0	0.0	0.0	0.0	0.0	0.0	0.0	0.037	0.0	0.037	0.0	0.031	0.0	0.0	0.0	0.0	0.0	0.0	0.0	0.0	0.0	0.0

本人今年大三，身高176，体重66kg，长得还可以，真心想找个心地善良的女朋友，一起努力一起成长。对长相没有要求，但希望能有160以上，有意点赞或评论。我会私信你我的照片 ​​​	8	10	2017-02-16 15:29    
0.502	0.381	0.18	0.0	0.081	0.075	0.0	0.0	0.0	0.056	0.0	0.0	0.0	0.044	0.044	0.037	0.0	0.0	0.0	0.0	0.0	0.0	0.0	0.0	0.0	0.0	0.0	0.0	0.0	0.0

猫咪求收养。 坐标大学城北亭村。由于即将搬家，没办法继续养，现有一只六个月大猫咪（本地猫，公）希望找到新主人。已打过疫苗，性格乖巧，不叫唤。会随身赠送两袋猫粮，还有一些猫玩具，猫窝，猫厕所等等，甚至猫砂。所有东西都不用再买了。就希望新主人能好好对待它。可以领养的亲评论或点赞 ​​​	11	10	2017-02-10 17:08    
0.502	0.381	0.18	0.0	0.0	0.0	0.0	0.0	0.0	0.0	0.0	0.0	0.0	0.044	0.0	0.0	0.0	0.0	0.0	0.0	0.0	0.0	0.0	0.0	0.0	0.0	0.0	0.0	0.0	0.0

如果你愿意，补充上一条微博。相貌没要求，身高不超过168比较好，毕竟本人也不高[污]有意愿，可以点赞上一条微博，或者评论也行，我联系你哦！！互相认识 ​​​	3	2	2017-01-30 20:41    
0.502	0.381	0.18	0.0	0.0	0.0	0.0	0.0	0.0	0.0	0.0	0.0	0.0	0.0	0.044	0.0	0.0	0.037	0.0	0.0	0.0	0.0	0.0	0.0	0.0	0.0	0.0	0.0	0.0	0.0

城野医生毛孔收缩水100ml 90元/支纪梵希小羊皮204 230元/支日本大阪关西机场免税店购入，全新。有人有兴趣吗？大学城面交。评论或点赞，我私信你。 ​​​	6	2	2017-02-24 13:41    
0.502	0.381	0.18	0.0	0.081	0.0	0.0	0.0	0.0	0.0	0.056	0.0	0.05	0.0	0.0	0.0	0.037	0.0	0.0	0.0	0.0	0.0	0.0	0.0	0.0	0.031	0.0	0.0	0.0	0.0

一个人孤身在外打拼，朋友也少，单身久了真的想找个异性的伴侣倾诉一下，可以是网恋，可以互吐苦水，我希望你在心智上是一个知性成熟的女性，本人毕业3年有余，有三段恋爱史，身高173，年龄26周岁，金牛座。有意就评论或者点赞我私信你吧，谢谢 ​​​	4	6	2017-02-24 22:43    
0.502	0.381	0.18	0.0	0.081	0.075	0.0	0.0	0.0	0.0	0.0	0.0	0.0	0.044	0.044	0.037	0.0	0.0	0.0	0.0	0.0	0.0	0.031	0.031	0.0	0.0	0.0	0.0	0.0	0.0

出全新未拆悦诗风吟绿茶套盒200小绿瓶150散粉45韩国带回，保证正品，想要的评论或点赞，或者私聊我[抱抱_旧] ​​​	3	4	2017-02-28 17:21    
0.502	0.381	0.18	0.131	0.0	0.0	0.069	0.0	0.0	0.0	0.0	0.0	0.0	0.0	0.0	0.0	0.037	0.0	0.0	0.0	0.0	0.0	0.0	0.0	0.0	0.0	0.0	0.0	0.0	0.0

诚招一名大一师妹想要进实验室？评论或点赞，私聊你[机智] ​​​	6	4	2017-03-03 15:40    
0.502	0.381	0.18	0.131	0.0	0.0	0.0	0.0	0.0	0.0	0.0	0.0	0.0	0.0	0.0	0.0	0.0	0.0	0.0	0.0	0.0	0.0	0.0	0.0	0.0	0.0	0.0	0.0	0.0	0.0

有没有大一的师弟师妹想进实验室，评论或点赞，私聊[机智][机智][机智] ​​​	4	2	2017-03-03 16:53    
0.502	0.381	0.18	0.131	0.0	0.0	0.0	0.0	0.0	0.0	0.0	0.0	0.0	0.0	0.0	0.0	0.0	0.0	0.0	0.0	0.0	0.0	0.0	0.0	0.0	0.0	0.0	0.0	0.0	0.0

出陶瓷汤锅，可煮粥煮汤，15rmb，有意者评论或点赞，私聊你 ​​​	2	4	2017-03-06 10:07    
0.502	0.381	0.18	0.131	0.0	0.0	0.069	0.0	0.062	0.0	0.0	0.0	0.0	0.0	0.0	0.0	0.0	0.0	0.0	0.0	0.0	0.0	0.0	0.0	0.0	0.0	0.0	0.0	0.0	0.0

自己海淘拼邮官网买的Dr Sebagh赛贝格5g装Vc粉。今天终于到啦 多了一支有人要吗220出～点赞或者评论我私信你 ​​​	2	4	2017-03-06 18:52    
0.502	0.381	0.18	0.0	0.081	0.0	0.069	0.0	0.0	0.0	0.0	0.0	0.05	0.0	0.0	0.0	0.0	0.0	0.0	0.0	0.0	0.0	0.0	0.0	0.0	0.0	0.0	0.0	0.0	0.0

请问哪个同学可以帮忙买温通膏，我想买六只，麻烦你评论或点赞，我私信你，谢谢~ ​​​	3	4	2017-03-05 23:23    
0.502	0.381	0.18	0.0	0.081	0.0	0.0	0.0	0.0	0.0	0.0	0.05	0.0	0.0	0.0	0.0	0.0	0.0	0.0	0.0	0.0	0.0	0.0	0.0	0.0	0.0	0.0	0.0	0.0	0.0

从香港带回的一些存货：Mac口红chili一支、cockney一支，贝德玛卸妆水蓝粉各一瓶，露华浓150粉底液，Kiss me 眼线笔，碧柔SPF50蓝色防晒霜两瓶，娥佩兰薏仁水一瓶，黑春雨面膜。有意的同学点赞或留下评论，我私你。广中医大学城校区可面交。 ​​​	9	22	2017-03-12 10:02    
0.502	0.381	0.18	0.0	0.0	0.075	0.0	0.0	0.0	0.0	0.056	0.05	0.0	0.0	0.0	0.0	0.0	0.0	0.0	0.0	0.0	0.031	0.0	0.0	0.0	0.0	0.0	0.025	0.0	0.0

出蓝月亮3kg一瓶，30出，可小刀，有意评论或点赞。全新的 ​​​	2	2	2017-03-07 08:35    
0.502	0.381	0.18	0.0	0.0	0.075	0.069	0.0	0.0	0.0	0.0	0.0	0.0	0.0	0.0	0.0	0.037	0.0	0.0	0.0	0.0	0.0	0.0	0.0	0.0	0.0	0.0	0.0	0.0	0.0

倘若我们能晚点遇见，那时候的我稳重而有担当，那时候的你不再年少轻狂，刚刚好，不早不晚，让我遇见了最美好的你，觉得这段话有感觉的女生请点赞或评论好，我私聊你，诚意求一女朋友共勉[心] ​​​	4	6	2017-03-26 10:19    
0.502	0.381	0.18	0.131	0.0	0.0	0.0	0.0	0.0	0.056	0.0	0.0	0.0	0.0	0.0	0.0	0.0	0.0	0.0	0.0	0.0	0.0	0.0	0.0	0.031	0.0	0.0	0.0	0.0	0.0

