白玫瑰，11朵高级礼盒装，新鲜，只售66元，要的私，在花店绝对没有这个价格。 ​​​	3	7	2017-02-14 18:02    
0.502	0.0	0.0	0.0	0.0	0.0	0.0	0.069	0.0	0.0	0.0	0.0	0.0	0.0	0.0	0.0	0.0	0.0	0.0	0.0	0.0	0.0	0.0	0.0	0.0	0.031	0.0	0.0	0.0	0.0

求二手洗衣机，大小护理楼阳台可放置~坐标三元里啊三元里~~~价格再议~ ​​​	2	2	2017-02-19 18:18    
0.502	0.0	0.0	0.0	0.0	0.0	0.0	0.069	0.0	0.0	0.0	0.0	0.0	0.0	0.0	0.0	0.0	0.0	0.0	0.0	0.0	0.0	0.0	0.0	0.0	0.0	0.0	0.0	0.0	0.0

考研结束的学霸师兄师姐们，有书想出售吗？——18年考研师妹 ​​​	2	3	2017-02-16 12:06    
0.502	0.0	0.0	0.0	0.0	0.0	0.0	0.0	0.0	0.0	0.0	0.0	0.0	0.0	0.0	0.0	0.0	0.0	0.0	0.0	0.0	0.0	0.031	0.0	0.0	0.0	0.0	0.0	0.025	0.0

有空闲锐捷可用的吗？用到本月25好，价格任君裁定[可怜][可怜][可怜] ​​​	2	3	2017-02-17 10:17    
0.502	0.0	0.0	0.0	0.0	0.0	0.0	0.069	0.0	0.0	0.0	0.0	0.0	0.0	0.0	0.0	0.0	0.0	0.0	0.0	0.0	0.0	0.0	0.0	0.0	0.0	0.0	0.0	0.0	0.0

谜尚BB霜23号，用了五次不到，因为不爱化妆，保质期到18年6月的，有需要的吗？买来近百，现在30转，可小刀。。。 ​​​	2	2	2017-02-18 08:54    
0.502	0.0	0.0	0.0	0.0	0.0	0.0	0.0	0.0	0.0	0.0	0.0	0.0	0.0	0.0	0.0	0.0	0.0	0.0	0.0	0.0	0.0	0.031	0.0	0.0	0.0	0.0	0.0	0.0	0.0

图中护肤品出售，价格在图上，有意者私聊 ​​​	2	3	2017-02-26 08:52    
0.502	0.0	0.0	0.131	0.0	0.0	0.0	0.069	0.062	0.0	0.0	0.0	0.0	0.0	0.0	0.0	0.0	0.0	0.0	0.0	0.0	0.0	0.0	0.0	0.0	0.0	0.0	0.0	0.0	0.0

出甩肉机，25出。有意联系 ​​​	2	2	2017-03-09 19:27    
0.502	0.0	0.0	0.0	0.0	0.075	0.069	0.0	0.0	0.0	0.0	0.0	0.0	0.0	0.0	0.0	0.0	0.037	0.0	0.0	0.0	0.0	0.0	0.0	0.0	0.0	0.0	0.0	0.0	0.0

刚把剩下的生活费拿去换了温通膏回来，有需要私聊哦(⊙o⊙) ​​​	2	3	2017-03-24 18:21    
0.502	0.0	0.0	0.131	0.0	0.0	0.0	0.0	0.0	0.0	0.0	0.0	0.0	0.0	0.0	0.0	0.0	0.0	0.0	0.0	0.0	0.0	0.0	0.0	0.0	0.0	0.0	0.0	0.0	0.0

收一个苹果6货6S最好是在64G……价格可以直接成交..电话联系18251370636 ​​​	2	3	2017-03-28 23:00    
0.502	0.0	0.0	0.0	0.0	0.0	0.0	0.069	0.0	0.0	0.0	0.0	0.0	0.0	0.0	0.0	0.0	0.037	0.0	0.0	0.0	0.0	0.0	0.0	0.0	0.0	0.0	0.0	0.0	0.0

55度杯是一个迅速降温杯，能把100度的开水摇几下变成55度全新没用过的，旧人送的，淘宝微商都要298，有意者可以联系商量价格，有意者电话短信联系15920804413， ​​​	2	6	2017-03-30 10:29    
0.502	0.0	0.0	0.0	0.0	0.0	0.0	0.069	0.062	0.0	0.0	0.0	0.0	0.0	0.0	0.0	0.037	0.037	0.0	0.0	0.0	0.0	0.0	0.0	0.0	0.0	0.0	0.0	0.0	0.0

