尴尬得死！！尼玛屏蔽我！！。真心尴尬[拜拜]想说，这么多人讨厌你，那就不是我的错了呵呵呵。你屏蔽我？你爱屏蔽你屏蔽吧！老子不看了！！奉劝各位大三搬校区换宿舍用点心看清人。别挑那种为了几句话就屏蔽你的人！ ​​​	2	4	2017-02-06 23:31    
0.372	0.0	0.0	0.043	0.0	0.0	0.0	0.0	0.0	0.0	0.0	0.0	0.0	0.0	0.0	0.0	0.0	0.0	0.0	0.0	0.0	0.021	0.0	0.0	0.0	0.0	0.0	0.0	0.0	0.0

两年没有来过广中医I栋，认识我的人都不在这里了，i栋管理员都换了好几个。27岁研究生学姐路过。在广中医这个神奇的国度，从20岁开始来广州，大学城校区也是一片狼藉，还不如三元里有人气。物是人非事事休，欲语泪先流。7年青春换来了什么？人生啊！ ​​​	6	2	2017-02-28 15:48    
0.372	0.0	0.0	0.043	0.043	0.0	0.036	0.0	0.0	0.0	0.029	0.0	0.0	0.0	0.0	0.0	0.021	0.0	0.0	0.0	0.0	0.021	0.0	0.0	0.0	0.0	0.0	0.021	0.0	0.0

三元里校区招家教，没有图片的话就看评论 ​​​	2	3	2017-02-28 12:32    
0.372	0.0	0.0	0.043	0.0	0.036	0.036	0.0	0.0	0.0	0.0	0.0	0.0	0.0	0.0	0.0	0.0	0.0	0.0	0.0	0.0	0.0	0.0	0.0	0.0	0.0	0.0	0.0	0.0	0.0

谁家的母猫乱跑，快来带回去吧，好像快要生宝宝哦，或者已经生出来[捂脸]，【三元里校区】，留言我会联系你哦！ ​​​	2	3	2017-02-28 10:46    
0.372	0.0	0.0	0.043	0.0	0.0	0.036	0.0	0.0	0.0	0.0	0.0	0.0	0.0	0.0	0.0	0.0	0.0	0.0	0.0	0.0	0.0	0.0	0.0	0.0	0.0	0.0	0.0	0.0	0.0

从香港带回的一些存货：Mac口红chili一支、cockney一支，贝德玛卸妆水蓝粉各一瓶，露华浓150粉底液，Kiss me 眼线笔，碧柔SPF50蓝色防晒霜两瓶，娥佩兰薏仁水一瓶，黑春雨面膜。有意的同学点赞或留下评论，我私你。广中医大学城校区可面交。 ​​​	9	22	2017-03-12 10:02    
0.372	0.0	0.0	0.043	0.0	0.036	0.0	0.036	0.0	0.0	0.029	0.0	0.0	0.0	0.0	0.0	0.021	0.0	0.0	0.0	0.0	0.0	0.0	0.0	0.0	0.0	0.0	0.0	0.0	0.0

