学校发的中国银行卡有没有最低存款金额听说在年末或年中 如果没达到一定额度 要扣钱的？！ ​​​	2	5	2017-02-14 23:47    
0.372	0.261	0.0	0.0	0.0	0.0	0.0	0.0	0.0	0.0	0.0	0.0	0.0	0.0	0.0	0.0	0.0	0.0	0.0	0.0	0.0	0.0	0.0	0.0	0.0	0.0	0.0	0.021	0.0	0.0

昨天看隔壁学校撕得轰轰烈烈，顿时觉得我们学校学生素质高。没想到今天起来这样。。本来今颠高高信信，你们为什么要这样，蓝瘦，想姑。 ​​​	5	3	2017-02-11 12:55    
0.372	0.261	0.0	0.0	0.0	0.0	0.0	0.0	0.0	0.0	0.0	0.0	0.0	0.0	0.0	0.0	0.0	0.0	0.0	0.0	0.0	0.0	0.0	0.0	0.0	0.0	0.0	0.0	0.0	0.0

已经搞清楚主次的老腊肉忍不住说一句，宽带网络虽然是电信提供的，可是开网断网的权限是学校，而不是运营商控制的。你家买了电信宽带，你妈把网线拔了，你总不能去骂人家运营商断你网吧，哈哈哈哈哈，感觉特别666。 ​​​	16	3	2017-02-07 01:25    
0.372	0.261	0.0	0.0	0.0	0.0	0.0	0.0	0.0	0.0	0.0	0.0	0.0	0.021	0.0	0.0	0.0	0.0	0.0	0.0	0.0	0.0	0.0	0.0	0.0	0.0	0.0	0.0	0.021	0.0

M栋的孩子有事提前很多天回来学校然而悲催的是出门晒被子，风大被反锁在门外。天呐，身上啥也没带，还穿着拖鞋。楼下巡逻的大哥哥说去10栋找物业。穿着拖鞋去了，实际上物业的那个姐姐其实可以不借我钥匙的因为按规定要押证件才行。他们没有理由为我们承担风险。还好我足够诚恳。感谢物业的姐姐[心形礼物] ​​​	15	2	2017-02-05 10:55    
0.372	0.261	0.0	0.0	0.0	0.0	0.0	0.0	0.0	0.0	0.0	0.0	0.0	0.0	0.0	0.0	0.0	0.0	0.0	0.0	0.0	0.0	0.0	0.0	0.0	0.0	0.0	0.0	0.0	0.0

接上一条，是你们隔壁学校的，理工男。研究生毕业出来两年多了。以前某些原因关注了i栋，要是不适合在这里发那以后不发就是咯。没有想生太多，1个最好，可以不生更好。在医院工作但是非医生。待遇都是税后，没有虚报。比较宅，闷骚。不主动。无聊就是睡觉看电影 ​​​	5	14	2017-02-02 21:09    
0.372	0.261	0.0	0.0	0.043	0.0	0.0	0.0	0.0	0.0	0.0	0.0	0.0	0.0	0.0	0.0	0.0	0.0	0.0	0.021	0.0	0.0	0.0	0.0	0.0	0.0	0.0	0.0	0.0	0.0

表示在家我无法和家人相处，不想待在家了，想早点回学校 ​​​	12	3	2017-01-31 19:04    
0.372	0.261	0.0	0.0	0.0	0.0	0.0	0.0	0.0	0.0	0.0	0.0	0.0	0.0	0.0	0.0	0.0	0.0	0.0	0.0	0.0	0.0	0.0	0.0	0.0	0.0	0.021	0.0	0.0	0.0

今天在我家看见一位挺好看的女生，印象中是红色衣服，女仔裤，白色鞋子，就是不知道是不是我们学校的 ​​​	3	3	2017-02-21 20:03    
0.372	0.261	0.0	0.0	0.0	0.0	0.0	0.0	0.0	0.0	0.0	0.0	0.021	0.0	0.0	0.0	0.0	0.0	0.0	0.0	0.0	0.0	0.0	0.0	0.0	0.0	0.0	0.0	0.0	0.0

才回学校一天就想家了怎么办…翻著微信看自己在学校时和妈妈的聊天记录就想哭、看一下时间还会想这个时候她应该回家了/在吃饭/睡觉了… ​​​	6	3	2017-02-21 18:43    
0.372	0.261	0.0	0.0	0.0	0.0	0.0	0.0	0.0	0.0	0.0	0.0	0.0	0.0	0.0	0.0	0.0	0.0	0.0	0.021	0.0	0.0	0.0	0.0	0.0	0.0	0.021	0.0	0.0	0.0

现在在学校找一台小黄车都好难。找到也是上了私锁。上私锁的那群人赶紧去si ​​​	4	4	2017-02-21 14:05    
0.372	0.261	0.0	0.0	0.0	0.0	0.0	0.0	0.0	0.0	0.0	0.0	0.0	0.0	0.0	0.0	0.0	0.0	0.0	0.0	0.0	0.0	0.0	0.0	0.0	0.0	0.0	0.0	0.0	0.0

一直很好奇学校三元里校区这个塔，跟日本动漫里的塔很像。想了解一下历史，有哪些大神知道吗？ ​​​	5	19	2017-02-20 21:26    
0.372	0.261	0.0	0.043	0.0	0.0	0.036	0.0	0.0	0.0	0.0	0.0	0.0	0.0	0.0	0.0	0.0	0.0	0.0	0.0	0.0	0.0	0.0	0.0	0.0	0.0	0.0	0.0	0.0	0.0

快回学校了，又要面对闹了矛盾又不肯聊聊的舍友，焦虑，郁闷。 ​​​	4	4	2017-02-20 12:25    
0.372	0.261	0.0	0.0	0.0	0.0	0.0	0.0	0.0	0.0	0.0	0.0	0.0	0.0	0.0	0.0	0.0	0.0	0.0	0.0	0.0	0.0	0.0	0.0	0.0	0.0	0.0	0.0	0.0	0.0

我们学校的网球场一般几点关门？有教授网球的体院的兄弟姐妹吗？有偿，价格好商量~点赞或评论，我私信你！零基础菜鸟特别想学网球！[哆啦A梦花心] ​​​	3	5	2017-02-19 14:27    
0.372	0.261	0.0	0.0	0.0	0.036	0.0	0.0	0.0	0.0	0.0	0.0	0.0	0.021	0.0	0.0	0.0	0.021	0.0	0.0	0.0	0.0	0.021	0.0	0.0	0.0	0.0	0.0	0.0	0.0

大家对于我们学校穿汉服的女孩子有什么感觉或想法？美美哒还是有点夸张 ​​​	2	13	2017-02-16 21:55    
0.372	0.261	0.0	0.0	0.0	0.0	0.0	0.0	0.0	0.0	0.0	0.0	0.0	0.0	0.0	0.0	0.0	0.0	0.0	0.0	0.0	0.0	0.0	0.0	0.0	0.0	0.0	0.0	0.0	0.0

很紧张，自从考研成绩出了后就很紧张，虽然我是18年考研的，但是因为对要考的专业的考试要求不了解，对报考同一专业的竞争者数量的紧张，虽然准备报的学校不是985，但还是好紧张，但是还要加油的，不可以放弃 ​​​	15	2	2017-02-15 18:43    
0.372	0.261	0.0	0.0	0.0	0.0	0.0	0.0	0.0	0.0	0.0	0.029	0.0	0.0	0.0	0.0	0.0	0.0	0.0	0.0	0.0	0.0	0.0	0.0	0.0	0.021	0.0	0.021	0.0	0.0

其实过年收红包并不开心。他们总觉得我在学校学习很辛苦，所以乐意给我钱，然而我并不辛苦，因为我并不努力，属于合格就行那种，所以收的时候问心有愧。你叫我去努力学习？我从小到大都没试过真正很刻苦地学习，狠不下来，而且填志愿又太马虎导致不太喜欢这个专业...唉，终于明白了期望的重量 ​​​	5	6	2017-02-01 19:44    
0.372	0.261	0.0	0.0	0.0	0.0	0.0	0.0	0.0	0.0	0.0	0.029	0.0	0.0	0.0	0.0	0.0	0.0	0.021	0.0	0.0	0.0	0.0	0.0	0.0	0.0	0.0	0.0	0.0	0.0

明天回学校住了，有没有已经在校或即将在校的小伙伴，互相照顾有个伴，评论我私信你 ​​​	2	7	2017-02-01 22:45    
0.372	0.261	0.0	0.0	0.0	0.036	0.0	0.0	0.0	0.0	0.0	0.0	0.0	0.0	0.0	0.0	0.0	0.021	0.0	0.0	0.0	0.0	0.0	0.0	0.0	0.0	0.021	0.0	0.0	0.0

求助～学校联通卡的闲时流量是省内还是国内的吖 ​​​	2	7	2017-01-31 00:17    
0.372	0.261	0.0	0.0	0.0	0.0	0.0	0.0	0.0	0.0	0.0	0.0	0.0	0.0	0.0	0.0	0.0	0.0	0.0	0.0	0.0	0.0	0.0	0.0	0.0	0.0	0.0	0.0	0.0	0.0

希望那些私占小黄很久的人看到，不要被抓进局子啦。大家一个学校的，好心告诉你们一下哦。 ​​​	8	3	2017-02-25 07:57    
0.372	0.261	0.0	0.0	0.0	0.0	0.0	0.0	0.0	0.0	0.0	0.0	0.0	0.0	0.021	0.0	0.0	0.0	0.0	0.0	0.0	0.0	0.0	0.0	0.0	0.0	0.0	0.0	0.0	0.0

我们学校为什么要把两张床用楼梯连在一起，睡觉的时候动一下就吵到，两边都不方便 ​​​	5	2	2017-02-23 22:45    
0.372	0.261	0.0	0.0	0.0	0.0	0.0	0.0	0.0	0.0	0.0	0.0	0.0	0.0	0.0	0.0	0.0	0.0	0.0	0.021	0.0	0.0	0.0	0.0	0.0	0.0	0.0	0.0	0.0	0.0

今天走在路上，发现学校帅哥蛮多的，虽然我近视[污] ​​​	2	3	2017-02-25 22:16    
0.372	0.261	0.0	0.0	0.0	0.0	0.0	0.0	0.0	0.0	0.0	0.0	0.0	0.0	0.0	0.021	0.0	0.0	0.0	0.0	0.0	0.0	0.0	0.0	0.0	0.0	0.0	0.0	0.0	0.0

想知道学校图书馆是抽了什么筋 那么长的假期都不施工 开学来了就施工 先拆自修室103 现在又要封104了 反正就是不给我们活路咯 （摊手） ​​​	2	3	2017-03-05 16:41    
0.372	0.261	0.0	0.0	0.0	0.0	0.0	0.0	0.0	0.0	0.0	0.0	0.0	0.0	0.0	0.0	0.0	0.0	0.0	0.0	0.0	0.0	0.0	0.0	0.0	0.0	0.0	0.0	0.0	0.0

这两天在学校走着，突然发现情侣好多，人家那么甜蜜[污]我的那个他，你快出现啊，宝宝也想脱单[泪] ​​​	7	10	2017-03-05 23:02    
0.372	0.261	0.0	0.0	0.0	0.0	0.0	0.0	0.0	0.0	0.0	0.0	0.0	0.0	0.0	0.021	0.0	0.0	0.0	0.0	0.0	0.0	0.0	0.0	0.0	0.0	0.0	0.0	0.0	0.0

学校在耍我们，用钱买的参考位置，真的哭晕了……快去报吧 ​​​	6	3	2017-03-13 11:47    
0.372	0.261	0.0	0.0	0.0	0.0	0.0	0.0	0.0	0.0	0.0	0.0	0.0	0.0	0.0	0.0	0.0	0.0	0.0	0.0	0.0	0.0	0.0	0.0	0.0	0.021	0.0	0.0	0.021	0.0

学校医务室现在能用医保卡了吗，求大神回答 ​​​	2	2	2017-03-13 19:22    
0.372	0.261	0.0	0.0	0.0	0.0	0.0	0.0	0.0	0.0	0.0	0.0	0.0	0.0	0.0	0.0	0.0	0.0	0.0	0.0	0.0	0.0	0.0	0.0	0.0	0.0	0.0	0.0	0.0	0.0

想问有多少人想报四级没有报成功[脸红]？现在除大一新生外，其它报考四级的名额受到四百人限制！且不说每学期大家都要去抢那少得可怜的名额，学校有没有这个权利限制我们报考四级！学校也知道四级考试对我们有多重要！想问学校有没有权利限制我们报考四级还是为了四级通过率不顾学生限制了四级报考人数！ ​​​	40	28	2017-03-11 11:42    
0.372	0.261	0.0	0.0	0.0	0.0	0.0	0.0	0.0	0.0	0.0	0.0	0.0	0.0	0.0	0.0	0.0	0.0	0.0	0.0	0.0	0.0	0.0	0.0	0.0	0.021	0.0	0.0	0.0	0.0

[泪]在家从来不会失眠，来了学校没有耳塞都无法入睡。怕被吵醒，怕被吓醒。 ​​​	3	11	2017-03-10 08:44    
0.372	0.261	0.0	0.0	0.0	0.0	0.0	0.0	0.0	0.0	0.0	0.0	0.0	0.0	0.0	0.0	0.0	0.0	0.0	0.0	0.0	0.0	0.0	0.0	0.0	0.0	0.0	0.0	0.0	0.0

有没有人知道一般我们学校在调剂系统开放多久才会把缺额信息发出来？ ​​​	7	2	2017-03-17 07:37    
0.372	0.261	0.0	0.0	0.0	0.0	0.0	0.0	0.0	0.0	0.0	0.0	0.0	0.0	0.0	0.0	0.0	0.0	0.0	0.0	0.0	0.0	0.0	0.021	0.0	0.0	0.0	0.0	0.0	0.0

有没有人知道我们学校调剂缺额信息什么时候放出来啊，等得心慌。别的学校已经要复试了 ​​​	2	2	2017-03-17 13:54    
0.372	0.261	0.0	0.0	0.0	0.0	0.0	0.0	0.0	0.0	0.0	0.0	0.0	0.0	0.0	0.0	0.0	0.0	0.0	0.0	0.0	0.0	0.0	0.021	0.0	0.0	0.0	0.0	0.0	0.0

妈的，学校是有病吗？我连个锐捷一直提示我非法接入，我欠你钱了？还是学校欠电信钱了？我交了钱，不让我用，你这是想干嘛？管不好干嘛还要管我们用网？？？！！！ ​​​	2	6	2017-03-24 16:35    
0.372	0.261	0.0	0.0	0.0	0.0	0.0	0.0	0.0	0.0	0.0	0.0	0.0	0.0	0.0	0.0	0.0	0.0	0.021	0.0	0.0	0.0	0.0	0.0	0.0	0.0	0.0	0.0	0.0	0.0

学校又要开医学影像学了    求别祸害学弟学妹了 ​​​	3	2	2017-03-24 18:13    
0.372	0.261	0.0	0.0	0.0	0.0	0.0	0.0	0.0	0.0	0.0	0.0	0.0	0.0	0.0	0.0	0.0	0.0	0.0	0.0	0.0	0.0	0.0	0.0	0.0	0.0	0.0	0.0	0.0	0.0

家人来学校看我，我带家人去吃饭[晕]家人回去后就各个都话我好傻！因为他们以前一直每个月给我1000块~问我怎么都不告诉他们不够用[吃惊]我觉得还好吧……所以我想问问大家都是几多钱一个月？ ​​​	3	19	2017-03-26 18:08    
0.372	0.261	0.0	0.0	0.0	0.0	0.0	0.0	0.0	0.0	0.0	0.0	0.0	0.0	0.0	0.0	0.0	0.0	0.021	0.0	0.0	0.0	0.0	0.0	0.0	0.0	0.0	0.0	0.0	0.0

学校到底什么时候才开空调 热死人了! ​​​	3	2	2017-04-09 12:11    
0.372	0.261	0.0	0.0	0.0	0.0	0.0	0.0	0.0	0.0	0.0	0.0	0.0	0.0	0.0	0.0	0.0	0.0	0.0	0.0	0.0	0.0	0.0	0.0	0.0	0.0	0.0	0.0	0.0	0.0

觉得我们学校本科生进实验室让研究所差遣干活，这真是一个病态的现在。或许帮他们干活，换毕业论文的数据，是平等交易，但是研究生的姿态却摆得老高，都快期限了，还不把数据给老子，一句你很忙概括了全部，我要上班就不忙吗？？？？别人请假的时间就不是时间吗？好气！！！ ​​​	6	3	2017-04-10 09:29    
0.372	0.261	0.0	0.0	0.043	0.0	0.0	0.0	0.0	0.0	0.0	0.0	0.0	0.0	0.0	0.0	0.0	0.0	0.0	0.0	0.0	0.021	0.0	0.0	0.0	0.0	0.0	0.0	0.0	0.014

