D栋姓林的女生，你的外卖被送餐人员送到C栋楼下了，不忍心你饿肚子，快去拿吧 ​​​	5	2	2017-02-21 21:57    
0.372	0.0	0.0	0.0	0.0	0.0	0.0	0.0	0.029	0.0	0.0	0.0	0.021	0.0	0.0	0.0	0.0	0.0	0.0	0.0	0.0	0.0	0.0	0.0	0.0	0.0	0.0	0.0	0.0	0.0

大四师姐给各位中药学院的孩子一点小小的建议，如果以后想进药房药店的，药理一定要认真学；想进药厂检验的，一定要学好分析化学，特别是仪器分析，实验课要认真上。 ​​​	12	3	2017-02-17 20:24    
0.372	0.0	0.0	0.0	0.0	0.0	0.0	0.0	0.0	0.029	0.0	0.0	0.0	0.021	0.0	0.0	0.0	0.0	0.0	0.0	0.0	0.0	0.021	0.0	0.021	0.0	0.0	0.0	0.0	0.014

这次考研分数考了三百分，大家觉得则么样，我是中药学院的 ​​​	2	6	2017-02-15 20:19    
0.372	0.0	0.0	0.0	0.0	0.0	0.0	0.0	0.0	0.029	0.0	0.0	0.0	0.0	0.0	0.0	0.0	0.0	0.0	0.0	0.0	0.0	0.0	0.0	0.0	0.0	0.0	0.0	0.0	0.0

好想进实验室[挤眼]。大二。中药学院。 ​​​	2	3	2017-02-28 13:20    
0.372	0.0	0.0	0.0	0.0	0.0	0.0	0.0	0.0	0.029	0.0	0.0	0.0	0.0	0.0	0.0	0.0	0.0	0.0	0.0	0.0	0.0	0.0	0.0	0.0	0.0	0.0	0.0	0.0	0.014

有没有非医专业的想在课外学中医的，或者医学专业的想体验不同的教学方法。我对中医很感兴趣，但不是中医临床，通过学长推荐，认识一位老师，我课外在他的诊所上课，也有小班。到时候周末一起去上课也好呀，或者想去试听也行。 ​​​	4	9	2017-03-04 20:32    
0.372	0.0	0.0	0.0	0.0	0.0	0.0	0.0	0.0	0.0	0.0	0.029	0.0	0.0	0.0	0.0	0.0	0.0	0.0	0.0	0.021	0.0	0.021	0.0	0.0	0.0	0.0	0.0	0.0	0.0

i栋有人知道大四（大学最后一年）还有奖学金吗 ​​​	2	3	2017-03-14 20:47    
0.372	0.0	0.0	0.0	0.0	0.0	0.0	0.0	0.0	0.0	0.0	0.0	0.0	0.0	0.0	0.0	0.0	0.0	0.0	0.0	0.0	0.0	0.0	0.0	0.0	0.0	0.0	0.0	0.0	0.0

请问下栋友们，那个本科生实验室是要面试的吗，如果要面试的话老师一般叫你做什么呢？[吃惊] ​​​	2	3	2017-03-14 12:38    
0.372	0.0	0.05	0.0	0.0	0.0	0.0	0.0	0.0	0.0	0.0	0.0	0.0	0.0	0.0	0.0	0.0	0.0	0.0	0.0	0.021	0.0	0.0	0.0	0.0	0.0	0.0	0.0	0.0	0.0

请问有护理学院的研究生吗？朋友想考广中医的护理专硕，可是发现一院和二院也有招生，请问你们知道他们跟护理学院的招生这有什么区别吗？ ​​​	3	2	2017-03-18 15:57    
0.372	0.0	0.05	0.0	0.043	0.0	0.0	0.0	0.0	0.029	0.0	0.0	0.0	0.0	0.0	0.021	0.021	0.0	0.0	0.0	0.0	0.0	0.0	0.0	0.0	0.0	0.0	0.0	0.0	0.0

有没有哪个外卖是可以送上宿舍的？特殊时期不舒服实在不想动 。 ​​​	2	5	2017-03-04 10:12    
0.372	0.0	0.0	0.0	0.0	0.0	0.0	0.0	0.029	0.0	0.0	0.0	0.0	0.0	0.0	0.0	0.0	0.0	0.0	0.0	0.0	0.0	0.0	0.0	0.0	0.0	0.0	0.0	0.0	0.0

想问一下宿舍楼电梯口上面的监控有开的吗，我想调监控看一下。外卖被偷了，心态有点炸。希望知情的同学在评论里面回复一下。有时候真的搞不懂这些大学生怎么这么没素质，这位偷我外卖的同学真是幸运要拿你出来杀鸡儆猴了。希望大家可以洁身自爱。谢谢。 ​​​	4	4	2017-03-19 13:22
0.372	0.0	0.0	0.0	0.0	0.036	0.0	0.036	0.029	0.0	0.0	0.0	0.0	0.0	0.021	0.0	0.0	0.0	0.0	0.0	0.0	0.0	0.0	0.0	0.0	0.0	0.0	0.0	0.0	0.0

各位学长学姐，我是今年的考生，被调剂到广州中医药大学科技产业园。事关人生大事，麻烦各位帮我详细介绍：1.这个学院的研究生，有导师带吗？项目多不多？2.在科技园是不是类似于边上班边做实验？会不会上班就像打杂，做实验也很水就像打杂？感谢各位的回答，会给各位私信发红包。谢谢 ​​​	2	3	2017-03-26 18:17    
0.372	0.0	0.0	0.0	0.043	0.0	0.0	0.0	0.0	0.029	0.0	0.0	0.0	0.0	0.0	0.0	0.0	0.021	0.0	0.0	0.0	0.0	0.0	0.021	0.0	0.0	0.0	0.0	0.0	0.0

大学城住宿区D栋爱拿别人外卖的同学，你们吃的还开心吗?已经遭遇过好多次，还有一次丢好几份的，连送外卖的店家都知道我们的宿舍楼不安全，我是真的服气。希望你们好自为之。 ​​​	4	12	2017-03-29 09:30    
0.372	0.0	0.0	0.0	0.0	0.0	0.0	0.036	0.029	0.0	0.029	0.0	0.0	0.0	0.021	0.0	0.0	0.0	0.0	0.0	0.0	0.0	0.0	0.0	0.0	0.0	0.0	0.0	0.0	0.0

我被人体解剖的帅哥老师迷得昏头转向了，咋办？！ ​​​	3	16	2017-03-29 20:52    
0.372	0.0	0.0	0.0	0.0	0.0	0.0	0.0	0.0	0.0	0.0	0.0	0.0	0.0	0.0	0.0	0.0	0.0	0.0	0.0	0.021	0.0	0.0	0.0	0.0	0.0	0.0	0.0	0.0	0.0

