请问下大家，地铁7号线的终点站是大学城南站，那可以在北站下吗？两个站哪个离学校近呢[兔子] ​​​	2	8	2017-02-12 22:37    
0.372	0.261	0.05	0.0	0.0	0.0	0.0	0.0	0.0	0.0	0.029	0.0	0.0	0.0	0.0	0.0	0.0	0.0	0.0	0.0	0.0	0.0	0.0	0.0	0.0	0.0	0.0	0.0	0.0	0.0

请问现在 学校的自习室开了吗[大哭][大哭]  有没有国考面试的小伙伴一起备战啊   想想明天就要回家  大家还在过年  好桑心～ ​​​	2	10	2017-02-04 20:09    
0.372	0.261	0.05	0.0	0.0	0.0	0.0	0.0	0.0	0.0	0.0	0.0	0.0	0.0	0.0	0.0	0.0	0.0	0.0	0.0	0.0	0.0	0.0	0.0	0.0	0.0	0.0	0.0	0.0	0.0

请问我们学校哪间附属医院针灸比较好啊？求好心人解答 谢谢0.0[心] ​​​	2	2	2017-01-28 18:55    
0.372	0.261	0.05	0.0	0.0	0.0	0.0	0.0	0.0	0.0	0.0	0.0	0.0	0.0	0.0	0.0	0.0	0.0	0.0	0.0	0.0	0.0	0.0	0.0	0.0	0.0	0.0	0.0	0.0	0.0

我是一院的一个女生，想考本学校的社会医学与卫生事业管理研究生，请问有这个专业的研究生师兄师姐吗？或者是同样想考这个专业的同学，请问这个专业要考的中医基础理论和社会医学包括哪些书呢？万分感激[玫瑰] ​​​	2	2	2017-03-03 21:00    
0.372	0.261	0.05	0.0	0.043	0.0	0.0	0.036	0.0	0.0	0.0	0.029	0.021	0.0	0.0	0.0	0.0	0.0	0.0	0.0	0.0	0.0	0.0	0.0	0.021	0.0	0.0	0.0	0.0	0.0

请问一下各位师兄师姐，三元里的动物实验中心的联系方式。我有个广医的同学做科研，想在我们学校的动物实验中心买小白鼠 ​​​	2	2	2017-03-10 10:31    
0.372	0.261	0.05	0.0	0.0	0.0	0.036	0.036	0.0	0.0	0.0	0.0	0.0	0.0	0.0	0.0	0.0	0.0	0.0	0.0	0.0	0.0	0.0	0.0	0.021	0.0	0.0	0.0	0.021	0.0

