哎，感觉鸡蛋好不耐吃，一个月四五板就没了。 	3	2	2017-04-12 21:09
0.0	0.0	0.0	0.0	0.0	0.0	0.0	0.037	0.037	0.0	0.0	0.0	0.0	0.0	0.0	0.0	0.0	0.0	0.025	0.0	0.0	0.0	0.0	0.0	0.0	0.0	0.0	0.0	0.0	0.0

哎，感觉鸡蛋好不耐吃，一个月四五板就没了。 	5	4	2017-04-12 21:09
0.0	0.0	0.0	0.0	0.0	0.0	0.0	0.037	0.037	0.0	0.0	0.0	0.0	0.0	0.0	0.0	0.0	0.0	0.025	0.0	0.0	0.0	0.0	0.0	0.0	0.0	0.0	0.0	0.0	0.0

这个学期的助学金还发吗？在吃土…… 	0	1	2017-04-15 08:28    
0.0	0.0	0.0	0.0	0.0	0.0	0.0	0.037	0.0	0.0	0.0	0.0	0.0	0.0	0.0	0.0	0.0	0.0	0.0	0.0	0.0	0.0	0.0	0.0	0.0	0.0	0.0	0.0	0.0	0.0

毕业季总算到了  还好我们没分手 	7	6	2017-04-15 03:01    
0.0	0.0	0.0	0.0	0.0	0.0	0.0	0.0	0.0	0.0	0.0	0.0	0.0	0.0	0.0	0.0	0.0	0.0	0.0	0.0	0.025	0.0	0.0	0.0	0.0	0.0	0.0	0.0	0.0	0.0

今天第一次跟男生出去面基看电影…然后全程感觉都挺好的…可是回宿舍之后他微信没找过我…是不是因为太丑没机会了……求分析… 	3	10	2017-04-15 00:51    
0.0	0.0	0.0	0.0	0.0	0.0	0.0	0.0	0.037	0.0	0.0	0.0	0.0	0.029	0.0	0.025	0.0	0.025	0.0	0.0	0.0	0.0	0.0	0.0	0.0	0.0	0.0	0.0	0.0	0.0

莫名其妙的喜欢你，虽然你我互不相识，很可笑吧 	4	4	2017-04-15 00:42    
0.0	0.0	0.0	0.0	0.0	0.0	0.037	0.0	0.0	0.0	0.0	0.0	0.0	0.0	0.0	0.0	0.0	0.0	0.0	0.0	0.0	0.0	0.0	0.0	0.0	0.0	0.0	0.0	0.0	0.0

三元里办公楼斜对面自修室。去年很喜欢坐在左边中间靠窗的那位高高瘦瘦的男生，好像是去年六月份毕业了，考上你想的学校了吗？好想知道在哪里 	1	3	2017-04-15 00:21    
0.0	0.0	0.0	0.0	0.0	0.0	0.037	0.0	0.0	0.0	0.0	0.0	0.0	0.0	0.0	0.025	0.0	0.0	0.0	0.0	0.025	0.0	0.0	0.0	0.0	0.021	0.0	0.0	0.0	0.021

关于宿舍清洗空调 	0	9	2017-04-14 23:36    
0.0	0.0	0.0	0.0	0.0	0.0	0.0	0.0	0.0	0.0	0.0	0.0	0.0	0.029	0.0	0.0	0.0	0.0	0.0	0.0	0.0	0.0	0.0	0.0	0.0	0.0	0.0	0.0	0.0	0.0

有哪个小伙伴要长期兼职的？相当于导游领队，但是是针对亲子团，可以说是跟小朋友玩的，工资相对理想，地点大多是广东地区。时间主要是周末，节假日。有意者请咨询微信13660769571，非诚勿扰。 	1	1	2017-04-14 22:26    
0.0	0.0	0.0	0.054	0.046	0.0	0.0	0.0	0.0	0.0	0.0	0.0	0.0	0.0	0.0	0.0	0.0	0.0	0.0	0.0	0.0	0.0	0.0	0.0	0.0	0.0	0.0	0.0	0.0	0.0

那位同学，你好一年前我私信了你，一个月后你回复了我一年后的昨天我回复了你，今晚洗完澡，打开手机你说容你笑一下，我也忍不住笑了。可是可是，返回私信列表却不见了你，上了电脑也看不到，如果你看到，请你再私信我好吗？不然我总感觉好像错过了什么，好遗憾[闭眼] 	11	2	2017-04-14 23:26    
0.0	0.0	0.0	0.054	0.0	0.042	0.0	0.0	0.037	0.0	0.0	0.0	0.0	0.0	0.0	0.0	0.025	0.0	0.025	0.0	0.0	0.0	0.0	0.0	0.0	0.0	0.0	0.0	0.0	0.0

天和哥哥聊天，说到胖子为什么是胖子？他说胖子的体质和别人不同，别人吃一头猪都不会胖，胖子能胖成两头猪[猪头]。还有一个就是胖子不喜欢浪费粮食，大家觉得他说的对吗？@广中医I栋 	2	2	2017-04-14 23:25    
0.0	0.0	0.0	0.0	0.0	0.0	0.037	0.037	0.0	0.0	0.0	0.0	0.0	0.0	0.0	0.0	0.0	0.0	0.0	0.0	0.0	0.0	0.0	0.0	0.0	0.0	0.0	0.0	0.0	0.0

明天去香港[嘻嘻]有要我帮忙买东西的吗？ 三元里当年交，大学城邮费自费，或者你来三元里拿 	3	1	2017-04-14 23:15    
0.0	0.0	0.0	0.0	0.0	0.0	0.0	0.0	0.0	0.0	0.033	0.033	0.0	0.0	0.0	0.0	0.0	0.0	0.0	0.0	0.0	0.0	0.0	0.021	0.0	0.021	0.0	0.0	0.0	0.0

我们三下乡队伍现想扩招两名队员，下乡地点为肇庆。队员要求:有支教能力，执行能力较高，不半途而废。请有意愿且符合条件的同学于明天早上11点在一饭一楼小卖部旁面试。谢谢~ 	0	16	2017-04-14 23:13    
0.0	0.0	0.0	0.054	0.0	0.042	0.0	0.0	0.0	0.0	0.0	0.0	0.0	0.0	0.0	0.0	0.0	0.0	0.0	0.0	0.0	0.0	0.0	0.0	0.0	0.0	0.0	0.0	0.0	0.0

这个星期有人去香港吗 求代东西啊 	0	1	2017-04-14 21:59    
0.0	0.0	0.0	0.0	0.0	0.0	0.0	0.0	0.0	0.0	0.0	0.0	0.0	0.0	0.0	0.0	0.0	0.0	0.0	0.025	0.0	0.0	0.0	0.021	0.0	0.0	0.0	0.0	0.0	0.0

我感觉我好像爱上你了 	0	2	2017-04-14 22:52    
0.0	0.0	0.0	0.0	0.0	0.0	0.0	0.0	0.037	0.0	0.0	0.0	0.0	0.0	0.0	0.0	0.0	0.0	0.0	0.0	0.0	0.0	0.0	0.0	0.0	0.0	0.0	0.0	0.0	0.0

总感觉自己的交友圈太小了。平时出去玩连个约的人都没有。生活有点无聊。 	4	8	2017-04-14 22:43    
0.0	0.0	0.0	0.0	0.0	0.0	0.0	0.0	0.037	0.0	0.0	0.0	0.0	0.0	0.0	0.0	0.0	0.0	0.0	0.0	0.0	0.0	0.0	0.0	0.0	0.0	0.0	0.0	0.0	0.0

风华国贸卖吃的啦~你想吃的我们都有～原味鸡蛋仔[抱抱_旧]（用雀巢牛奶做原料）水果奶昔[兔子] （草莓[草莓]，香蕉）水果味气泡水（含水果切片装饰）玫瑰[玫瑰]，蓝柑，百香果，柠檬柚子）水果乳酸多饮料蜂蜜柚子茶，百香果茶风华国贸C6摊位等你来尝哦～[太开心] 	4	5	2017-04-14 21:55    
0.0	0.0	0.0	0.0	0.0	0.0	0.0	0.037	0.0	0.0	0.0	0.0	0.0	0.0	0.0	0.0	0.0	0.0	0.0	0.0	0.0	0.0	0.0	0.0	0.0	0.0	0.021	0.0	0.0	0.0

在一起一个月了的男朋友买了房，月供有点吃力，我们在一起之前他借过钱给一个朋友，所以现在基本上处于没钱饭吃的状态。这一个月来他隔三差五找我要钱，甚至要我帮他借微粒贷。我心疼他没钱吃饭却也觉得这样不太好。怎么办啊。(本人毕业一年了月收入有一万...) 	1	16	2017-04-14 20:01    
0.0	0.0	0.0	0.0	0.0	0.0	0.0	0.037	0.0	0.0	0.0	0.033	0.0	0.0	0.0	0.0	0.025	0.0	0.025	0.0	0.025	0.0	0.0	0.0	0.0	0.0	0.0	0.0	0.0	0.0

没想我一个大男生，一向坚强的自己，在大深夜里也会哭成泪人。我不够优秀，我不配喜欢你，我祝福你能找到你的幸福。感谢曾经认识你，曾经和你一起学习和生活的时光我很开心，每天都不辞劳苦，满载能量地学习和生活。 既然你决定去追求更好的幸福，我只好选择默默地离开，而且我还会答应你，离你远远的，不去打扰你。 祝你幸福，泪别，再见mo-::'|mo-::'|mo-::'|	3	13	2017-04-14 17:53    
0.0	0.0	0.0	0.0	0.0	0.0	0.037	0.0	0.0	0.0	0.0	0.0	0.0	0.0	0.0	0.025	0.0	0.0	0.0	0.0	0.0	0.0	0.0	0.0	0.0	0.0	0.0	0.0	0.0	0.0

寻一卡通！！某马大哈中午在一饭落下了钥匙串加一卡通羊城通 卡面上照片信息清晰（蔡演演） 请哪位好心人捡到了电联失主13726764099 ……[泪] 	0	2	2017-04-14 14:34    
0.0	0.0	0.0	0.054	0.0	0.0	0.0	0.0	0.0	0.0	0.0	0.0	0.0	0.0	0.0	0.0	0.0	0.0	0.0	0.0	0.0	0.0	0.0	0.0	0.0	0.0	0.0	0.0	0.0	0.0

有没有人想买55度杯，据说开水摇一摇变55度可直接喝，这个杯子新的还没用过，不过据同学说真的可以。这个杯子对我来说容量有点小，所以想把这个卖了卖个保温杯。有想买的吗？ 	0	9	2017-04-14 14:05    
0.0	0.0	0.0	0.0	0.0	0.042	0.0	0.0	0.0	0.0	0.0	0.0	0.0	0.0	0.0	0.0	0.0	0.0	0.0	0.0	0.0	0.0	0.0	0.0	0.0	0.0	0.021	0.0	0.0	0.0

想问一下一饭门口的那只猫咪有主吗 目测左后腿受伤了不知道是不是被人踩了，据说骨伤科的同学会看w有没有可爱的同学过去看看呢。po主这几天都有点忙，如果要带去宠物医院看病的话也要考虑猫咪是否会抓人啥的。。有木有同学能献爱心呢ww顺带求问一下最近的宠物医院的地址，表白各位。[心] 	2	8	2017-04-14 17:34    
0.0	0.0	0.0	0.0	0.0	0.042	0.0	0.0	0.0	0.0	0.0	0.0	0.0	0.0	0.0	0.0	0.0	0.0	0.0	0.0	0.0	0.0	0.0	0.0	0.0	0.0	0.0	0.0	0.0	0.0

师兄师姐啊 有没有人相熟广州中医药大学的陈镜合教授啊？我有急事找 亲戚非常需要他的帮助 能否留下联系方式[可怜][可怜][可怜] 	0	5	2017-04-14 17:14    
0.0	0.0	0.0	0.0	0.0	0.0	0.0	0.0	0.0	0.033	0.0	0.0	0.0	0.0	0.0	0.0	0.0	0.0	0.0	0.0	0.0	0.0	0.0	0.0	0.021	0.0	0.0	0.0	0.0	0.0

是不是这样子发i栋的 	1	1	2017-04-14 11:04    
0.0	0.0	0.0	0.0	0.0	0.0	0.0	0.0	0.0	0.0	0.0	0.0	0.0	0.0	0.029	0.0	0.0	0.0	0.0	0.0	0.0	0.0	0.0	0.0	0.0	0.0	0.0	0.0	0.0	0.0

中午吃饭时间，坐标广中医校园内，拾到一张一卡通，信息基本都糊掉了，头像姓名看不到，里面有上百额度，我之前试验的时候刷了它一次，我可以还卡的时候给现金，不需要卡了的话，我也可以转支付宝～～18819425107我手机号，如果找到失主，可以这样联系我，一个月内都在广中药 	8	5	2017-04-14 08:23    
0.0	0.0	0.0	0.0	0.0	0.0	0.0	0.0	0.0	0.0	0.0	0.0	0.0	0.0	0.0	0.0	0.0	0.0	0.025	0.0	0.0	0.0	0.0	0.0	0.0	0.0	0.0	0.021	0.0	0.0

深夜睡不着不如问下，如果出奥尔滨健康水和珍贵水，有小仙女需要吗，2种均是已开但只用过一两次，前者购于海外购，后者购于香港。 	0	2	2017-04-14 01:00    
0.0	0.0	0.0	0.0	0.0	0.0	0.0	0.0	0.0	0.0	0.0	0.0	0.0	0.0	0.0	0.0	0.0	0.0	0.0	0.0	0.0	0.0	0.0	0.021	0.0	0.0	0.0	0.0	0.0	0.0

怎么都睡不着，有人聊会天吗？ 	3	7	2017-04-14 00:41    
0.0	0.0	0.0	0.0	0.0	0.0	0.0	0.0	0.0	0.0	0.0	0.0	0.0	0.0	0.0	0.0	0.0	0.0	0.0	0.025	0.0	0.0	0.0	0.0	0.0	0.0	0.0	0.0	0.0	0.0

讲真，做实验的仪器级别的高低很重要，不好的仪器不仅浪费时间，更是对实验本身的不尊重。希望学校能pay more attention to it！也希望下次能顺利些[耶][耶] 	1	3	2017-04-14 10:49    
0.0	0.0	0.0	0.0	0.0	0.0	0.0	0.0	0.0	0.0	0.0	0.0	0.029	0.0	0.0	0.0	0.0	0.0	0.0	0.0	0.0	0.0	0.0	0.0	0.0	0.0	0.0	0.0	0.0	0.021

今天早上在一饭一楼吃了个昨天早上的馒头然后我想起了那个啊姨故意挑掉肉的荤素相炒的菜 	1	3	2017-04-14 08:02    
0.0	0.0	0.0	0.0	0.0	0.0	0.0	0.037	0.0	0.0	0.0	0.0	0.0	0.0	0.0	0.0	0.0	0.0	0.0	0.0	0.0	0.0	0.0	0.0	0.0	0.0	0.0	0.0	0.0	0.0

有没有卖662药综的资料或者是本科的笔记课件什么之类的嘛？谢谢啦 	0	2	2017-04-13 22:18    
0.0	0.0	0.0	0.0	0.0	0.0	0.0	0.0	0.0	0.0	0.0	0.0	0.0	0.0	0.0	0.0	0.0	0.0	0.0	0.0	0.0	0.0	0.0	0.0	0.0	0.0	0.021	0.0	0.0	0.0

有人知道贝岗哪里有木刻画或者做石膏刻像的店铺吗？？ 	0	1	2017-04-14 18:00    
0.0	0.0	0.0	0.0	0.0	0.0	0.0	0.0	0.0	0.0	0.0	0.0	0.0	0.0	0.0	0.0	0.0	0.0	0.0	0.025	0.0	0.0	0.0	0.0	0.0	0.0	0.0	0.0	0.0	0.0

有人要出白大褂吗，，女生的码，，没有的话我等会儿再来，， 	2	8	2017-04-14 12:05    
0.0	0.0	0.0	0.0	0.0	0.0	0.0	0.0	0.0	0.0	0.0	0.0	0.0	0.0	0.0	0.0	0.0	0.0	0.0	0.025	0.0	0.0	0.0	0.0	0.0	0.0	0.0	0.0	0.0	0.0

有人周末代购黄道益活络油吗？ 	1	2	2017-04-14 11:23    
0.0	0.0	0.0	0.0	0.0	0.0	0.0	0.0	0.0	0.0	0.0	0.0	0.0	0.0	0.0	0.0	0.0	0.0	0.0	0.025	0.0	0.0	0.0	0.0	0.0	0.0	0.0	0.0	0.0	0.0

执着又如何左右还有一年就毕业了再暗恋你一年又如何我乐意 	6	7	2017-04-13 22:00    
0.0	0.0	0.0	0.0	0.0	0.0	0.0	0.0	0.0	0.0	0.0	0.0	0.0	0.0	0.0	0.0	0.025	0.0	0.0	0.0	0.025	0.0	0.0	0.0	0.0	0.0	0.0	0.0	0.0	0.0

关于宿舍矛盾的，1.情况不是绝对的，但是挺讨厌下面嘲讽原po主的。2.感谢那些用自身经历给出可行建议的同学。3.自己开心最重要，所以要换宿舍赶紧换，只要人家宿舍愿意接纳你，直接搬过去住。4.很多时候对错难分，只是三观不和，不和早撕早安心。5.不要抱着愧疚感，因为你讨厌的人没有。 	6	2	2017-04-14 07:18    
0.0	0.0	0.0	0.0	0.0	0.042	0.0	0.0	0.0	0.0	0.0	0.0	0.0	0.029	0.0	0.0	0.0	0.0	0.0	0.0	0.0	0.0	0.0	0.0	0.0	0.0	0.0	0.0	0.0	0.0

求问三元里到大学城该坐什么车？最晚几点发车？ 	1	2	2017-04-14 10:01    
0.0	0.0	0.0	0.0	0.0	0.0	0.0	0.0	0.0	0.0	0.033	0.0	0.0	0.0	0.0	0.0	0.0	0.0	0.0	0.0	0.0	0.0	0.0	0.0	0.0	0.021	0.0	0.0	0.0	0.0

现在还能找到初恋还在的男生吗？感觉自己有怪癖，不能接受自己的男朋友牵过其它女生（不包括有血缘关系的亲人）的手，爱过其它女生， 	7	27	2017-04-13 23:25    
0.0	0.0	0.0	0.0	0.0	0.0	0.0	0.0	0.037	0.0	0.0	0.0	0.0	0.0	0.0	0.025	0.0	0.0	0.0	0.0	0.0	0.0	0.0	0.0	0.0	0.0	0.0	0.0	0.0	0.0

又是一年笛籁争鸣，七载光阴人才代出。第七届笛籁争鸣大赛初赛即将在4月15日（本周六）晚七点在学活207举行。欢迎各位笛箫爱好者报名参加。报名方式：姓名+学号+学院专业+联系方式+组别+笛/箫到15817071642郭同学。嘤咛玉笛鸣鸾凤氤氲清箫吟蛟龙数载芳华，若是少了音曲旋律岂不有感怅然若失初夏未半诚邀十方才子佳人咸集以乐会友，笛籁争鸣江湖之大，有幸相遇善哉善哉吾等将于周六学活恭候您的到来 广州·广州中医药大学（大学城校区）	0	1	2017-04-13 21:32    
0.0	0.0	0.0	0.0	0.0	0.042	0.0	0.0	0.0	0.0	0.033	0.0	0.0	0.0	0.0	0.0	0.025	0.0	0.0	0.0	0.0	0.0	0.0	0.0	0.021	0.0	0.0	0.0	0.0	0.0

我已经想不出什么话了，请大家来参加药王山文化节主活动，就是玩玩游戏，复习复习中药方剂知识，请务必来参加。咨询群610256981(●'◡'●)ﾉ[爱心] 	1	1	2017-04-13 21:52    
0.0	0.0	0.0	0.054	0.0	0.0	0.0	0.0	0.0	0.0	0.0	0.0	0.0	0.0	0.0	0.0	0.0	0.0	0.0	0.0	0.0	0.0	0.0	0.0	0.0	0.0	0.0	0.0	0.0	0.0

望这种人能看到，在宿舍开着大大的微信提示音，在有人睡觉的情况下大声讲电话，到处扔东西不收拾，阳台挂满晾了半个月的衣服，这些行为都让我们感到不满，多次提醒不听，不想与你撕破脸而已，宿舍不是你的家，你如此有个性请搬出去寻找你自己的家@广中医I栋 请帮我发布一下 	7	3	2017-04-13 22:17    
0.0	0.0	0.0	0.054	0.0	0.0	0.0	0.0	0.0	0.0	0.0	0.0	0.0	0.029	0.0	0.0	0.0	0.0	0.0	0.025	0.0	0.0	0.0	0.0	0.0	0.0	0.0	0.0	0.0	0.0

KIKO唇膏，阿玛尼走秀御用唇彩，4系75，3系99，明天中午截团:周六去香港。wx:  echoeshk，很适合送闺蜜女朋友闺蜜 	0	7	2017-04-13 22:59    
0.0	0.0	0.0	0.0	0.0	0.0	0.0	0.0	0.0	0.0	0.0	0.0	0.0	0.0	0.0	0.0	0.0	0.0	0.0	0.0	0.0	0.0	0.0	0.021	0.0	0.0	0.0	0.0	0.0	0.0

大学城哪里可以学素描，新手入门级别。希望知道的人可以告知地址和大概价格 	0	3	2017-04-13 21:38    
0.0	0.0	0.0	0.0	0.0	0.0	0.0	0.0	0.0	0.0	0.033	0.0	0.029	0.0	0.0	0.0	0.0	0.0	0.0	0.0	0.0	0.0	0.0	0.0	0.0	0.0	0.0	0.0	0.0	0.0

大学几年能不闹心的在宿舍里住下来真是不可能的[拜拜][拜拜] 	2	4	2017-04-14 09:01    
0.0	0.0	0.0	0.0	0.0	0.0	0.0	0.0	0.0	0.0	0.0	0.0	0.0	0.029	0.0	0.0	0.0	0.0	0.0	0.0	0.0	0.0	0.0	0.0	0.0	0.0	0.0	0.0	0.0	0.0

想问一下宿舍灯坏了要怎么报修？ 	2	8	2017-04-13 15:23    
0.0	0.0	0.0	0.0	0.0	0.0	0.0	0.0	0.0	0.0	0.0	0.0	0.0	0.029	0.0	0.0	0.0	0.0	0.0	0.0	0.0	0.0	0.0	0.0	0.0	0.0	0.0	0.0	0.0	0.0

我们学校又因为体测不达标而影响毕业的吗？今天体测，感觉好慌啊 	0	1	2017-04-13 22:55    
0.0	0.0	0.0	0.0	0.0	0.0	0.0	0.0	0.037	0.0	0.0	0.0	0.0	0.0	0.0	0.0	0.0	0.0	0.0	0.0	0.025	0.0	0.0	0.0	0.0	0.0	0.0	0.0	0.0	0.021

哎哟我这暴脾气 男生给我发小黄图我就会发更多的给他 发到他无语以为我是荡妇 	6	10	2017-04-13 18:55    
0.0	0.0	0.0	0.0	0.0	0.0	0.0	0.0	0.0	0.0	0.0	0.0	0.0	0.0	0.0	0.025	0.0	0.0	0.0	0.0	0.0	0.0	0.0	0.0	0.0	0.0	0.0	0.0	0.0	0.0

二商后面篮球场看到有人咬 	1	7	2017-04-13 20:00    
0.0	0.0	0.0	0.0	0.0	0.0	0.0	0.0	0.0	0.0	0.0	0.0	0.0	0.0	0.0	0.0	0.0	0.0	0.0	0.025	0.0	0.0	0.0	0.0	0.0	0.0	0.0	0.0	0.0	0.0

看到有人说换宿舍，表示也很想换，可是想换去好朋友的宿舍是满人的啊，把人家和谐的宿舍拆了也不好，有没有什么办法啊？或者去年看到有考研党在国际楼租了个宿舍复习的，今年我也考研，可不可以也申请一间啊… 	0	5	2017-04-13 21:06    
0.0	0.0	0.0	0.0	0.0	0.0	0.0	0.0	0.0	0.0	0.0	0.0	0.0	0.029	0.0	0.0	0.0	0.0	0.0	0.025	0.0	0.0	0.0	0.0	0.0	0.0	0.0	0.0	0.0	0.0

有没有可以出租冰箱三天。就风华国贸需要用到，价格可小刀！ 	0	2	2017-04-13 18:52    
0.0	0.0	0.0	0.0	0.0	0.0	0.0	0.0	0.0	0.0	0.0	0.0	0.0	0.0	0.0	0.0	0.0	0.0	0.0	0.0	0.0	0.0	0.021	0.0	0.0	0.0	0.0	0.0	0.0	0.0

有人出修容饼不，新手，想练练手。 	1	2	2017-04-13 13:27    
0.0	0.0	0.0	0.0	0.0	0.0	0.0	0.0	0.0	0.0	0.0	0.0	0.0	0.0	0.0	0.0	0.0	0.0	0.0	0.025	0.0	0.0	0.0	0.0	0.0	0.0	0.0	0.0	0.0	0.0

不喜欢就不要搞暧昧好不好 	6	4	2017-04-13 18:39    
0.0	0.0	0.0	0.0	0.0	0.0	0.037	0.0	0.0	0.0	0.0	0.0	0.0	0.0	0.0	0.0	0.0	0.0	0.0	0.0	0.0	0.0	0.0	0.0	0.0	0.0	0.0	0.0	0.0	0.0

春天来了…  是不是就发春了  单身久了 就有点想脱单了… 我173到175左右  会打网球和小乐器 喜欢出去玩 各种吃吃吃  别人说我长得有点小可爱   并且我挺喜欢健身 身材也还好吧  6块腹肌也是有的 想找个女票啊……  点赞聊可否？ 	11	21	2017-04-13 22:43    
0.0	0.0	0.0	0.0	0.0	0.0	0.037	0.037	0.0	0.0	0.0	0.0	0.0	0.0	0.0	0.0	0.0	0.0	0.0	0.0	0.0	0.0	0.0	0.0	0.0	0.0	0.0	0.0	0.0	0.0

[cp]昨天在淘宝上买的，以为是豆干，没想到是肉丝，吃了一包，不喜欢吃这种类型的，所以想卖掉。12包卖13元不贵吧[可怜] [/cp]加图片 	0	2	2017-04-13 16:37    
0.0	0.0	0.0	0.0	0.0	0.0	0.037	0.037	0.0	0.0	0.0	0.033	0.0	0.0	0.0	0.0	0.0	0.0	0.0	0.0	0.0	0.0	0.0	0.0	0.0	0.0	0.0	0.0	0.0	0.0

下个月想去香港买个粉底液，有木有哪个仙女可以推荐下，400左右，适合干皮的，感觉很干皮。最希望用了不起皮。求推荐/:@) 	1	3	2017-04-13 22:31    
0.0	0.0	0.0	0.0	0.0	0.0	0.0	0.0	0.037	0.0	0.0	0.0	0.029	0.0	0.0	0.0	0.0	0.025	0.0	0.0	0.0	0.0	0.0	0.021	0.0	0.0	0.0	0.0	0.0	0.0

失主请联系17324278355 	0	1	2017-04-13 12:49    
0.0	0.0	0.0	0.054	0.0	0.0	0.0	0.0	0.0	0.0	0.0	0.0	0.0	0.0	0.0	0.0	0.0	0.0	0.0	0.0	0.0	0.0	0.0	0.0	0.0	0.0	0.0	0.021	0.0	0.0

大家好，我是广中医10级二院的师姐，现在广中医读研并兼职协会工作，现广东省眼健康协会拟招募志愿者，一年参加两次活动即可获得协会颁发的志愿者证书！欢迎大家加入我们，还有很多师兄师姐一起等，你,请通过易企秀链接报名http://t.cn/RXfvURV 	0	2	2017-04-17 12:57    
0.0	0.0	0.0	0.054	0.0	0.0	0.0	0.0	0.0	0.033	0.0	0.0	0.0	0.0	0.0	0.0	0.025	0.0	0.0	0.0	0.0	0.0	0.0	0.0	0.0	0.0	0.0	0.0	0.0	0.0

深夜只是想来看一下i栋有没有人吐槽那个大学生创新创业系统对学生和老师的规定。。。 	1	2	2017-04-17 01:33    
0.0	0.0	0.0	0.0	0.0	0.0	0.0	0.0	0.0	0.0	0.0	0.0	0.0	0.0	0.029	0.0	0.0	0.0	0.0	0.0	0.0	0.0	0.0	0.0	0.0	0.0	0.0	0.0	0.0	0.0

真他妈有胆子就自己微博发出来艾特i栋互怼，都匿名明喷暗怼列5点算个吊 	0	4	2017-04-17 15:35    
0.0	0.0	0.0	0.0	0.0	0.0	0.0	0.0	0.0	0.0	0.0	0.0	0.0	0.0	0.029	0.0	0.0	0.0	0.0	0.0	0.0	0.0	0.0	0.0	0.0	0.0	0.0	0.0	0.0	0.0

我觉得你是喜欢我的，不然就不会每天打电话给我了，可是我又觉得你是不喜欢我的，因为说到爱情时，你只是说我们只是朋友。我对你的爱慕表现得很明显了，你的态度也是很决绝，所以，到底还是我自作多情。 	1	6	2017-04-17 01:15    
0.0	0.0	0.0	0.0	0.0	0.0	0.037	0.0	0.0	0.0	0.0	0.0	0.0	0.0	0.0	0.0	0.0	0.0	0.0	0.0	0.0	0.0	0.0	0.0	0.0	0.0	0.0	0.0	0.0	0.0

好温暖的师姐~没错就是I栋那个毕业免费送的国贸师姐  温柔 好看而且也很善良  决定了我毕业的时候也要像她一样免费赠送自己不带走的东西  估计到时候艾条啊针具啊中医书籍什么的会很多吧[兔子] 	7	5	2017-04-17 12:47    
0.0	0.0	0.0	0.0	0.0	0.0	0.0	0.0	0.0	0.033	0.0	0.0	0.0	0.0	0.0	0.0	0.0	0.0	0.0	0.0	0.025	0.0	0.0	0.0	0.0	0.0	0.0	0.0	0.0	0.0

求感情小能手解疑：男友每次来找我都不事先告诉我，而是每次弄惊喜就到楼下了，这种行为让我感觉压力很大，我已经说过不喜欢这样浪费他的时间，可没用，求教还有什么更好的相处方法？？ 	3	6	2017-04-17 09:07    
0.0	0.0	0.0	0.0	0.0	0.0	0.037	0.0	0.037	0.0	0.0	0.0	0.0	0.0	0.0	0.0	0.0	0.025	0.0	0.0	0.0	0.0	0.0	0.0	0.0	0.0	0.0	0.0	0.0	0.0

知道吗？拿别人的东西吃不算动别人的东西，把别人的东西弄乱了也不算动别人的东西 	0	2	2017-04-17 12:44    
0.0	0.0	0.0	0.0	0.0	0.0	0.0	0.037	0.0	0.0	0.0	0.0	0.0	0.0	0.0	0.0	0.0	0.0	0.0	0.0	0.0	0.0	0.0	0.0	0.0	0.0	0.0	0.0	0.0	0.0

万能的i栋君 本人女 大一dog 上了大学后天天做梦 不仅晚上就连午睡也会做梦… 深切地怀疑我的床有鬼啊[眼泪][眼泪][眼泪] 真不是什么日有所思啊 没什么所思的 弄得我好烦恼[大哭] 	0	8	2017-04-17 14:48    
0.0	0.0	0.0	0.0	0.0	0.0	0.0	0.0	0.0	0.0	0.0	0.0	0.0	0.0	0.029	0.0	0.0	0.0	0.0	0.0	0.0	0.0	0.0	0.0	0.0	0.0	0.0	0.0	0.0	0.0

分手的近一年时间就在想你和想忘记你中度过了，虽然很有骨气的删除了你的所有联系方式，删除了我们所有的过往，但还是控制不住自己去瞄一眼你的动态以一个陌生人的身份，看到你过得好还真是生气啊，我还是一如既往的自私对吧，可是余生我再也不会出现在你的世界了，不打扰是我对你最后的温柔 	4	1	2017-04-17 01:02    
0.0	0.0	0.0	0.0	0.0	0.0	0.0	0.0	0.0	0.0	0.0	0.0	0.0	0.0	0.0	0.0	0.025	0.0	0.0	0.0	0.0	0.0	0.0	0.0	0.021	0.0	0.0	0.0	0.0	0.0

周五那天因为赶时间把快递放在A栋楼下就走了 同学也忘了帮我拿 今天来学校的时候发现不在了 嗯..希望拿了我快递的同学 明天可以放回原位吧我不追究了 快递也是有主人的 里面的东西虽然不贵 但也是需要用的东西 希望大家都有点素质吧... 谢谢你了 	0	2	2017-04-16 23:51    
0.0	0.0	0.0	0.0	0.0	0.042	0.0	0.0	0.0	0.0	0.0	0.0	0.029	0.0	0.0	0.0	0.0	0.0	0.0	0.0	0.0	0.0	0.0	0.0	0.0	0.0	0.0	0.0	0.0	0.021

求中药药理学，中药药剂学，中药炮制学，方剂学 	2	2	2017-04-17 12:34    
0.0	0.0	0.0	0.0	0.0	0.0	0.0	0.0	0.0	0.0	0.0	0.0	0.0	0.0	0.0	0.0	0.0	0.025	0.0	0.0	0.0	0.0	0.0	0.0	0.0	0.0	0.0	0.0	0.0	0.0

有没有哪个宝贝有未断网的账号，五元买这一夜，在线等，急，@buzzerLbeater 	0	2	2017-04-17 00:54    
0.0	0.0	0.0	0.0	0.0	0.0	0.0	0.0	0.0	0.0	0.0	0.033	0.0	0.0	0.0	0.0	0.0	0.0	0.0	0.0	0.0	0.0	0.0	0.0	0.0	0.0	0.0	0.0	0.0	0.0

刷刷微博，希望能在I栋里，刷出个女神宿舍空床位，万分感谢，我请你吃[西瓜]好吗 	0	1	2017-04-16 23:49    
0.0	0.0	0.0	0.054	0.0	0.0	0.0	0.037	0.0	0.0	0.0	0.0	0.029	0.029	0.0	0.0	0.0	0.0	0.0	0.0	0.0	0.0	0.0	0.0	0.0	0.0	0.0	0.0	0.0	0.0

童鞋们，如果23:30到白云机场，有机场大巴回大学城吗？ 	0	1	2017-04-17 12:14    
0.0	0.0	0.0	0.0	0.0	0.0	0.0	0.0	0.0	0.0	0.033	0.0	0.0	0.0	0.0	0.0	0.0	0.0	0.0	0.0	0.0	0.0	0.0	0.0	0.0	0.0	0.0	0.0	0.0	0.0

看到楼下外卖有人点的uncle salad家的糙米鸡胸肉沙拉竟然8块钱 为什么我每次点的都是20块呢？ 	1	2	2017-04-17 11:59    
0.0	0.0	0.0	0.0	0.0	0.0	0.0	0.0	0.0	0.0	0.0	0.0	0.0	0.0	0.0	0.0	0.0	0.0	0.0	0.025	0.0	0.0	0.0	0.0	0.0	0.0	0.0	0.0	0.0	0.0

万栋啊，有认识爱心社的人吗？活动所需，可以给我留个联系方式吗 	1	1	2017-04-17 08:26    
0.0	0.0	0.0	0.0	0.0	0.0	0.0	0.0	0.0	0.0	0.0	0.0	0.0	0.0	0.0	0.0	0.0	0.0	0.0	0.0	0.0	0.0	0.0	0.0	0.021	0.0	0.0	0.0	0.0	0.0

阿生，有什么不可以当面讲。背后说人很遭罪的，致上一条。那么敏感，你不如搬出去住啦?自己开撸可以，别人开工都是错哈哈哈，丢。还发i栋婊人? 	0	1	2017-04-17 02:53    
0.0	0.0	0.0	0.0	0.0	0.0	0.0	0.0	0.0	0.0	0.0	0.0	0.0	0.0	0.029	0.0	0.0	0.0	0.0	0.0	0.0	0.0	0.0	0.0	0.0	0.0	0.0	0.0	0.0	0.0

