闲置出售一个包，质量很好，九成新，60购入现25出，款式如图。有喜欢的宝宝别错过[可爱] 	0	1	2017-04-15 9:38
0.083	0.0	0.0	0.0	0.0	0.0	0.037	0.0	0.0	0.0	0.0	0.0	0.0	0.0	0.0	0.0	0.0	0.0	0.0	0.0	0.0	0.0	0.0	0.0	0.0	0.0	0.0	0.0	0.0	0.0

哪个小仙女有护发精油出啊 	0	5	2017-04-14 14:44    
0.083	0.0	0.0	0.0	0.0	0.0	0.0	0.0	0.0	0.0	0.0	0.0	0.0	0.0	0.0	0.0	0.0	0.0	0.0	0.0	0.0	0.0	0.0	0.0	0.0	0.0	0.0	0.0	0.0	0.0

出售吉他 市场价320  现在160出～～   只弹过几次 还是挺新的 在宿舍放了1个学期 	0	4	2017-04-14 19:07    
0.083	0.0	0.0	0.0	0.0	0.0	0.0	0.0	0.0	0.0	0.0	0.0	0.0	0.029	0.0	0.0	0.0	0.0	0.0	0.0	0.0	0.0	0.0	0.0	0.0	0.0	0.0	0.0	0.0	0.0

女白大褂，只穿过一次，15出 	0	3	2017-04-14 18:49    
0.083	0.0	0.0	0.0	0.0	0.0	0.0	0.0	0.0	0.0	0.0	0.0	0.0	0.0	0.0	0.0	0.0	0.0	0.0	0.0	0.0	0.0	0.0	0.0	0.0	0.0	0.0	0.0	0.0	0.0

没错就是今天！4月13-15日一饭门前会有#予仁义卖# 噢[威武][威武][小章鱼]不仅能买到物美价廉的心头好，还能为公益出一份力(ง •̀_•́)ง真希望能在现场见到你呢/笔芯打个小预告↓↓↓ 	0	1	2017-04-13 01:01    
0.083	0.0	0.0	0.0	0.0	0.0	0.0	0.0	0.0	0.0	0.0	0.033	0.029	0.0	0.0	0.0	0.0	0.0	0.0	0.0	0.0	0.0	0.0	0.0	0.0	0.0	0.021	0.0	0.0	0.0

错就是今天！4月13-15日一饭门前会有#予仁义卖# 噢[威武][威武][小章鱼]不仅能买到物美价廉的心头好，还能为公益出一份力(ง •̀_•́)ง真希望能在现场见到你呢/笔芯打个小预告↓↓↓ 	0	1	2017-04-13 22:17    
0.083	0.0	0.0	0.0	0.0	0.0	0.0	0.0	0.0	0.0	0.0	0.033	0.029	0.0	0.0	0.0	0.0	0.0	0.0	0.0	0.0	0.0	0.0	0.0	0.0	0.0	0.021	0.0	0.0	0.0

欧莱雅314,用过两三次,45出.妙巴黎4号40出,用过五六次。得鲜M08砖红色30出,自用保真,想要的妹子留言,我私你。 	0	1	2017-04-13 20:08    
0.083	0.0	0.0	0.0	0.0	0.0	0.0	0.0	0.0	0.0	0.0	0.0	0.0	0.0	0.0	0.0	0.0	0.0	0.0	0.0	0.0	0.0	0.0	0.0	0.0	0.0	0.0	0.0	0.0	0.0

出一部自用闲置了很久的iPhone5，国行16G白色，系统是古老的8450块不墨迹的可小刀 	0	2	2017-04-14 01:04    
0.083	0.0	0.0	0.0	0.0	0.0	0.0	0.0	0.0	0.0	0.0	0.0	0.0	0.0	0.0	0.0	0.0	0.0	0.0	0.0	0.0	0.0	0.021	0.0	0.0	0.0	0.0	0.0	0.0	0.0

出吉他有人要嗎？買的時候500，沒用幾次，300出。要的評論。 	0	1	2017-04-13 17:44    
0.083	0.0	0.0	0.0	0.0	0.0	0.0	0.0	0.0	0.0	0.0	0.0	0.0	0.0	0.0	0.0	0.0	0.0	0.0	0.025	0.0	0.0	0.0	0.0	0.0	0.0	0.0	0.0	0.0	0.0

有没有哪位小仙女需要鞋架呀？全新未拆封，买回来才发现原来那个还可以用…8块出哦…但是需要上门自提…坐标m 	0	3	2017-04-13 21:14    
0.083	0.0	0.0	0.0	0.0	0.0	0.0	0.0	0.0	0.0	0.0	0.0	0.0	0.0	0.0	0.0	0.0	0.0	0.0	0.0	0.0	0.0	0.0	0.0	0.0	0.0	0.0	0.0	0.0	0.0

出买错码的鞋，卓诗尼6CM白色粗跟34码，原价169在实体店买，现在50出，穿过一次，无暗病，坐标三元里。有意者联系15622129307 	0	2	2017-04-17 15:38    
0.083	0.0	0.0	0.0	0.046	0.0	0.0	0.0	0.0	0.0	0.0	0.033	0.0	0.0	0.0	0.0	0.0	0.0	0.0	0.0	0.0	0.0	0.0	0.0	0.0	0.021	0.0	0.021	0.0	0.0

大东8厘米高跟鞋，9成新，129入，60出。 	0	1	2017-04-17 17:11
0.083	0.0	0.0	0.0	0.0	0.0	0.0	0.0	0.0	0.0	0.0	0.0	0.0	0.0	0.0	0.0	0.0	0.0	0.0	0.0	0.0	0.0	0.0	0.0	0.0	0.0	0.0	0.0	0.021	0.0

卓诗尼34码6cm白粗跟，原价169，50出，可小刀。穿过两次无暗病。有意联系15622129307 	0	1	2017-04-17 16:47
0.083	0.0	0.0	0.0	0.0	0.0	0.0	0.0	0.0	0.0	0.0	0.0	0.0	0.0	0.0	0.0	0.0	0.0	0.0	0.0	0.0	0.025	0.021	0.0	0.0	0.0	0.0	0.021	0.0	0.0

