请问有没有互相帮做赞助的群？ 	2	1	2017-04-14 23:31    
0.0	0.0	0.062	0.0	0.0	0.0	0.0	0.0	0.0	0.0	0.0	0.0	0.0	0.0	0.0	0.0	0.0	0.0	0.0	0.0	0.0	0.0	0.0	0.0	0.0	0.0	0.0	0.0	0.0	0.0

请问学校机房什么时候有开啊？除了上课时间外还有什么时候开放让我们去做计算机作业啊…… 	2	6	2017-04-14 22:17    
0.0	0.0	0.062	0.0	0.0	0.0	0.0	0.0	0.0	0.0	0.0	0.0	0.0	0.0	0.0	0.0	0.0	0.0	0.0	0.0	0.0	0.0	0.0	0.0	0.0	0.0	0.0	0.0	0.0	0.021

请问各位女生，你们的男朋友符合会打篮球，身高超过171，不胖，家里不会特别穷的有多少人？点赞可以吗 	21	9	2017-04-14 22:06    
0.0	0.0	0.062	0.0	0.0	0.0	0.0	0.0	0.0	0.0	0.0	0.0	0.0	0.0	0.0	0.0	0.0	0.0	0.0	0.0	0.0	0.0	0.0	0.0	0.0	0.0	0.0	0.0	0.0	0.0

请问各位师兄师姐，我准备到三元里了，新宿舍是自己组的吗，可不可以跨院 	0	3	2017-04-14 19:17    
0.0	0.0	0.062	0.0	0.0	0.0	0.0	0.0	0.0	0.033	0.0	0.0	0.0	0.029	0.0	0.0	0.0	0.0	0.0	0.0	0.0	0.0	0.0	0.0	0.0	0.021	0.0	0.0	0.0	0.0

请问各位男生 喜欢狂花钱的女朋友还是很省钱很体谅你经济能力的女朋友 	0	6	2017-04-14 19:09    
0.0	0.0	0.062	0.0	0.0	0.0	0.037	0.0	0.0	0.0	0.0	0.0	0.0	0.0	0.0	0.025	0.0	0.0	0.0	0.0	0.0	0.0	0.0	0.0	0.0	0.0	0.0	0.0	0.0	0.0

请问还有没有在招队员的三下乡队伍呀？？？ 	1	5	2017-04-14 13:05    
0.0	0.0	0.062	0.0	0.0	0.0	0.0	0.0	0.0	0.0	0.0	0.0	0.0	0.0	0.0	0.0	0.0	0.0	0.0	0.0	0.0	0.0	0.0	0.0	0.0	0.0	0.0	0.0	0.0	0.0

请问大家医院的招聘考试一般考什么，期待好心人说一说！谢谢~ 	0	1	2017-04-14 08:12    
0.0	0.0	0.062	0.0	0.0	0.0	0.0	0.0	0.0	0.0	0.0	0.0	0.0	0.0	0.0	0.0	0.0	0.0	0.0	0.0	0.0	0.0	0.0	0.0	0.0	0.0	0.0	0.0	0.0	0.0

请问一下各位小伙伴洗澡的热水最早什么时候有呢？下午5点或5点半这样会有吗？求解答。谢谢了 	0	3	2017-04-14 18:36    
0.0	0.0	0.062	0.0	0.0	0.0	0.0	0.0	0.0	0.0	0.0	0.0	0.0	0.0	0.0	0.0	0.0	0.025	0.0	0.0	0.0	0.0	0.0	0.0	0.0	0.0	0.0	0.0	0.0	0.0

请问去深圳宝安中医院的实习，他们提供的住宿条件怎么样？ 	0	3	2017-04-13 22:18    
0.0	0.0	0.062	0.0	0.0	0.0	0.0	0.0	0.0	0.0	0.0	0.0	0.0	0.0	0.0	0.0	0.0	0.0	0.0	0.0	0.0	0.0	0.0	0.0	0.0	0.0	0.0	0.0	0.0	0.0

请问大四快毕业的话书本都是怎么处理的？家太远搬不回去 	0	4	2017-04-14 07:29    
0.0	0.0	0.062	0.0	0.0	0.0	0.0	0.0	0.0	0.0	0.0	0.0	0.0	0.0	0.0	0.0	0.0	0.0	0.0	0.0	0.025	0.0	0.0	0.0	0.0	0.0	0.0	0.0	0.0	0.0

请问一下贝岗眼镜店哪家配眼镜比较好呢？主要考虑质量和性价比，谢谢 	0	5	2017-04-14 08:45    
0.0	0.0	0.062	0.0	0.0	0.0	0.0	0.0	0.0	0.0	0.0	0.0	0.0	0.0	0.0	0.0	0.0	0.0	0.0	0.0	0.0	0.0	0.0	0.0	0.0	0.0	0.0	0.0	0.0	0.0

都说体重不过百，不是平胸就是矮，那么。。。体重稍过百，不仅平胸还要矮，请问能否找到男朋友[大哭] 	3	12	2017-04-13 19:53    
0.0	0.0	0.062	0.0	0.0	0.0	0.0	0.0	0.0	0.0	0.0	0.0	0.0	0.0	0.0	0.0	0.0	0.0	0.0	0.0	0.0	0.0	0.0	0.0	0.0	0.0	0.0	0.0	0.0	0.0

请问怎么做毛孔可以变小，甚至没有 	1	2	2017-04-13 19:13    
0.0	0.0	0.062	0.0	0.0	0.0	0.0	0.0	0.0	0.0	0.0	0.0	0.0	0.0	0.0	0.0	0.0	0.0	0.0	0.0	0.0	0.0	0.0	0.0	0.0	0.0	0.0	0.0	0.0	0.0

万能的i栋，请问有人知道王倩老师的办公室在哪里吗？谢谢～ 	0	1	2017-04-13 18:26    
0.0	0.0	0.062	0.0	0.0	0.0	0.0	0.0	0.0	0.0	0.0	0.0	0.0	0.0	0.029	0.0	0.0	0.0	0.0	0.025	0.0	0.0	0.0	0.0	0.0	0.0	0.0	0.0	0.0	0.0

请问哪位同学有体测黄德强老师的联系方式吗？求告知 	1	2	2017-04-17 15:00    
0.0	0.0	0.062	0.0	0.0	0.042	0.0	0.0	0.0	0.0	0.0	0.0	0.0	0.0	0.0	0.0	0.0	0.025	0.0	0.0	0.0	0.0	0.0	0.0	0.021	0.0	0.0	0.0	0.0	0.0

坐标大学城，请问一下泳池这学期开了吗？开放时间从几点到几点？感激不尽～ 	1	1	2017-04-17 16:19    
0.0	0.0	0.062	0.0	0.0	0.0	0.0	0.0	0.0	0.0	0.033	0.0	0.0	0.0	0.0	0.0	0.0	0.0	0.0	0.0	0.0	0.0	0.0	0.0	0.0	0.0	0.0	0.0	0.0	0.0

请问各位大神，大学城A栋哪里能复印呀？ 	0	1	2017-04-17 14:54    
0.0	0.0	0.062	0.0	0.0	0.0	0.0	0.0	0.0	0.0	0.033	0.0	0.0	0.0	0.0	0.0	0.0	0.0	0.0	0.0	0.0	0.0	0.0	0.0	0.0	0.0	0.0	0.0	0.0	0.0

请问  我们学校计算机专业什么时候毕业答辩和拍毕业照呀 	0	1	2017-04-17 08:45    
0.0	0.0	0.062	0.0	0.0	0.0	0.0	0.0	0.0	0.0	0.0	0.0	0.0	0.0	0.0	0.0	0.0	0.0	0.0	0.0	0.025	0.0	0.0	0.0	0.0	0.0	0.0	0.0	0.0	0.021

小白一枚，想请问有经验的师姐：1.大创的指导老师有职称要求吗？找辅导员可以？2.字数大概需要多少？3.国省校立项又有什么不同呢？。谢谢各位解答！ 	1	2	2017-04-17 08:43    
0.0	0.0	0.062	0.0	0.0	0.0	0.0	0.0	0.0	0.033	0.0	0.0	0.0	0.0	0.0	0.0	0.0	0.0	0.0	0.0	0.0	0.0	0.0	0.0	0.0	0.0	0.0	0.0	0.0	0.0

[大哭]请问计算机义修网管在哪一楼呀明早什么时候在啊，最近又好多东西要用电脑，现在充不了电了…………出去外面修听说很多人被坑……[大哭] 	2	2	2017-04-17 00:39    
0.0	0.0	0.062	0.0	0.0	0.0	0.0	0.0	0.0	0.0	0.0	0.0	0.0	0.0	0.0	0.0	0.0	0.0	0.0	0.0	0.0	0.0	0.0	0.0	0.0	0.0	0.0	0.0	0.0	0.0

