发树洞方法1.微信关注广中I栋医（gzyyws），菜单栏有发微博的功能。2.发布端 http://t.cn/zY1rita若想与发布人联系，请直接在原微博下面评论，发布者是收不了私信的，请大家不是与i栋君联系的话就别私信了。 	4	1	2017-04-05 18:55    
0.0	0.079	0.0	0.054	0.0	0.0	0.0	0.0	0.0	0.0	0.0	0.0	0.0	0.0	0.029	0.0	0.0	0.0	0.0	0.0	0.0	0.0	0.0	0.0	0.0	0.0	0.0	0.021	0.0	0.0

垃圾佬收台二手笔记本，intel的，运行内存4g。有意出的同学下面评论一下 	0	1	2017-04-14 22:15    
0.083	0.079	0.0	0.0	0.0	0.042	0.0	0.0	0.0	0.0	0.0	0.0	0.0	0.0	0.0	0.0	0.0	0.0	0.0	0.0	0.0	0.025	0.0	0.0	0.0	0.0	0.0	0.0	0.0	0.0

有没有人想要收养富贵？目测一个月大。不怕生，不炸毛。有意领养者先和室友商量好，不要意气用事然后甩锅。有猫粮，猫砂。需要有懂猫的主人带它回家。下方评论或点赞，会有富贵它爸找你们的。 	3	5	2017-04-14 15:36    
0.0	0.079	0.0	0.0	0.0	0.0	0.0	0.0	0.0	0.0	0.0	0.0	0.0	0.0	0.0	0.0	0.0	0.0	0.025	0.0	0.0	0.025	0.0	0.0	0.0	0.0	0.0	0.0	0.0	0.0

红色自行车转售，50元，送锁，送雨柄，有意者评论私信。 	0	1	2017-04-14 17:38    
0.0	0.079	0.0	0.0	0.046	0.0	0.0	0.0	0.0	0.0	0.0	0.0	0.0	0.0	0.0	0.0	0.0	0.0	0.0	0.0	0.0	0.0	0.0	0.0	0.0	0.0	0.0	0.0	0.0	0.0

大东的部分鞋子做活动2双79哦，有没有美女想拼单的～点赞或评论我私聊你 	4	1	2017-04-14 20:54    
0.0	0.079	0.0	0.0	0.0	0.0	0.0	0.0	0.0	0.0	0.0	0.0	0.0	0.0	0.0	0.0	0.0	0.0	0.0	0.0	0.0	0.0	0.0	0.0	0.0	0.0	0.0	0.0	0.0	0.0

i栋i栋女生宿舍有空床位吗？备考，想租个床位，有意者请评论，万分感谢 	0	2	2017-04-14 13:17    
0.0	0.079	0.0	0.054	0.046	0.0	0.0	0.0	0.0	0.0	0.0	0.0	0.0	0.0	0.029	0.0	0.0	0.0	0.0	0.0	0.0	0.0	0.0	0.0	0.0	0.0	0.0	0.0	0.0	0.0

今年2月份过年的时候香港SaSa购入，自用保真。现在还剩一半。入了其他的水所以想把这个出了。35软妹币。有意者评论呦。笔芯[心][心][心] 	1	1	2017-04-14 13:09    
0.083	0.079	0.0	0.0	0.046	0.0	0.0	0.0	0.0	0.0	0.0	0.0	0.0	0.0	0.0	0.0	0.0	0.0	0.0	0.0	0.0	0.0	0.0	0.021	0.0	0.0	0.0	0.0	0.021	0.0

接上条，大东8厘米高跟鞋9成新。129入，70出，可小刀，有意者请评论私信哦 	1	2	2017-04-14 16:58    
0.083	0.079	0.0	0.054	0.046	0.0	0.0	0.0	0.0	0.0	0.0	0.0	0.0	0.0	0.0	0.0	0.0	0.0	0.0	0.0	0.0	0.0	0.021	0.0	0.0	0.0	0.0	0.0	0.021	0.0

招兼职！！！时间：晚上20：00-24:00地点：大学城穗石村工作内容：快递分类工资待遇：11块一小时工作轻松，时间短，工作稳定 每天都可以去 也可以自己安排哪天去有意义评论 	0	1	2017-04-14 11:00    
0.0	0.079	0.0	0.0	0.0	0.0	0.0	0.0	0.0	0.0	0.033	0.0	0.0	0.0	0.0	0.0	0.0	0.0	0.0	0.0	0.0	0.0	0.0	0.0	0.0	0.0	0.0	0.0	0.0	0.0

#毕业师姐清仓甩卖#大东8厘米高跟鞋9成新，129入70出。跟人一样大的公仔25出，可小刀，有意请评论私聊哦 	0	6	2017-04-14 16:54    
0.083	0.079	0.0	0.054	0.0	0.0	0.0	0.0	0.0	0.033	0.0	0.0	0.0	0.0	0.0	0.0	0.0	0.0	0.0	0.0	0.025	0.025	0.021	0.0	0.0	0.0	0.0	0.0	0.021	0.0

250出9节吉他课程  一堂一小时  师弟师妹有兴趣留下评论啦 	0	1	2017-04-13 20:18    
0.083	0.079	0.0	0.0	0.0	0.0	0.0	0.0	0.0	0.0	0.0	0.0	0.0	0.0	0.0	0.0	0.0	0.0	0.0	0.0	0.0	0.0	0.0	0.0	0.0	0.0	0.0	0.0	0.0	0.0

大学城这边女生宿舍从五月份开始有一空床位可出租～本人长期空出 需要租用的考研师姐们可以找我～有意可留下评论 	2	6	2017-04-14 11:15    
0.0	0.079	0.0	0.0	0.0	0.0	0.0	0.0	0.0	0.033	0.033	0.0	0.0	0.0	0.0	0.0	0.0	0.0	0.0	0.0	0.0	0.025	0.0	0.0	0.0	0.0	0.0	0.0	0.0	0.0

大四师姐转让舍宝——洗衣机了，14年三月入，七成新，平时很爱护，四百软妹币出，有意者评论联系。 	2	4	2017-04-13 23:59    
0.083	0.079	0.0	0.0	0.046	0.0	0.0	0.0	0.0	0.033	0.0	0.0	0.0	0.0	0.0	0.0	0.0	0.0	0.0	0.0	0.0	0.0	0.0	0.0	0.0	0.0	0.0	0.021	0.021	0.0

由于要搬校区，用了一年半的洗衣机转手啦，400块～～有意者评论或者点赞吧，我私聊你，照片发不出去，评论看图咯 	0	1	2017-04-13 23:02    
0.0	0.079	0.0	0.0	0.046	0.0	0.0	0.0	0.0	0.0	0.0	0.0	0.0	0.0	0.0	0.0	0.025	0.0	0.0	0.0	0.0	0.0	0.0	0.0	0.0	0.0	0.0	0.0	0.0	0.0

出二手自行车，寒假后开学才买的，昨天才换了条漂亮的新轮胎⊙▽⊙，因为个人原因不想踩了。90出，还可以送锁哦[doge] 有意者请评论 	0	1	2017-04-13 20:05    
0.083	0.079	0.0	0.054	0.046	0.0	0.0	0.0	0.0	0.0	0.0	0.033	0.0	0.0	0.0	0.0	0.0	0.0	0.0	0.0	0.0	0.0	0.0	0.0	0.0	0.0	0.0	0.0	0.0	0.0

卖锁送单车咯[机智][机智][机智]有意者带价评论 	0	3	2017-04-14 08:51    
0.0	0.079	0.0	0.0	0.046	0.0	0.0	0.0	0.0	0.0	0.0	0.0	0.0	0.0	0.0	0.0	0.0	0.0	0.0	0.0	0.0	0.0	0.0	0.0	0.0	0.0	0.0	0.0	0.0	0.0

出26寸女式行李箱，用了半年，九成新，99出，有意的评论，我私聊发图 	0	7	2017-04-13 17:42    
0.083	0.079	0.0	0.0	0.0	0.0	0.0	0.0	0.0	0.0	0.0	0.0	0.0	0.0	0.0	0.0	0.0	0.0	0.0	0.0	0.0	0.025	0.0	0.0	0.0	0.0	0.0	0.0	0.0	0.0

大学城校区的同学有需要温通膏的吗～一支13元，有意者评论私聊/:rose 	1	1	2017-04-17 09:20    
0.0	0.079	0.0	0.0	0.046	0.042	0.0	0.0	0.0	0.0	0.033	0.0	0.0	0.0	0.0	0.0	0.0	0.0	0.0	0.0	0.0	0.0	0.0	0.0	0.0	0.0	0.0	0.0	0.0	0.0

出全新韩束补水露（120毫升），补水乳（15毫升），洁面乳（80毫升）～然后价格我也不知道怎么定，要不你们帮我想一个呗？你干脆我随意～（起码100左右哈）详情可在此微博下评论 	1	1	2017-04-17 09:05    
0.083	0.079	0.0	0.0	0.0	0.0	0.0	0.0	0.0	0.0	0.0	0.0	0.0	0.0	0.0	0.0	0.0	0.0	0.0	0.0	0.0	0.0	0.0	0.0	0.0	0.0	0.0	0.0	0.0	0.0

