请问下大家，地铁7号线的终点站是大学城南站，那可以在北站下吗？两个站哪个离学校近呢[兔子] ​​​	2	8	2017-02-12 22:37    
0.384	0.0	0.157	0.0	0.0	0.0	0.038	0.0	0.0	0.0	0.0	0.0	0.0	0.03	0.0	0.0	0.0	0.0	0.0	0.0	0.0	0.0	0.0	0.0	0.0	0.0	0.0	0.0	0.0	0.0

请问你们都是怎么度过恋情困难期的。我感觉我和他走不下去了，所以提了分手，他说让我冷静两天再说……我现在心好乱，不知道怎么办[鼻涕]其实之前已经提过一次，一天不到我就回头了，但这次，我思考了很久很久……（请别随意说劝分不劝和了，有经验的同学麻烦帮帮我[悲伤]） ​​​	4	14	2017-02-12 19:51    
0.384	0.0	0.157	0.0	0.053	0.0	0.0	0.0	0.0	0.0	0.0	0.0	0.0	0.0	0.0	0.0	0.0	0.0	0.0	0.0	0.023	0.0	0.0	0.0	0.0	0.0	0.015	0.0	0.0	0.0

我是新来的，请问是直接骂吗？ ​​​	2	5	2017-02-11 14:12    
0.384	0.0	0.157	0.0	0.0	0.0	0.0	0.0	0.0	0.0	0.0	0.0	0.0	0.0	0.0	0.0	0.0	0.0	0.0	0.0	0.0	0.0	0.0	0.0	0.0	0.0	0.0	0.0	0.0	0.0

请问3000块钱左右的笔记本电脑有啥好推荐，不打游戏 ​​​	5	12	2017-02-05 19:11    
0.384	0.0	0.157	0.0	0.0	0.0	0.0	0.0	0.0	0.0	0.0	0.0	0.0	0.0	0.0	0.0	0.0	0.0	0.0	0.0	0.0	0.0	0.0	0.0	0.0	0.0	0.0	0.0	0.0	0.0

请问各位师兄师姐，研究生的学费和补贴具体是多少啊？想考研，但又不想家里为自己花太多钱 ​​​	4	8	2017-02-07 00:52    
0.384	0.0	0.157	0.0	0.0	0.038	0.0	0.0	0.038	0.0	0.0	0.03	0.03	0.0	0.0	0.0	0.0	0.0	0.0	0.0	0.0	0.0	0.0	0.0	0.0	0.0	0.0	0.0	0.0	0.0

请问男性阴囊湿疹有什么好的治疗方法，去多家医院看了好多次都没好，好焦虑。。。 ​​​	2	10	2017-02-03 18:54    
0.384	0.0	0.157	0.0	0.0	0.0	0.0	0.0	0.0	0.0	0.0	0.0	0.0	0.0	0.0	0.0	0.0	0.0	0.0	0.0	0.0	0.0	0.0	0.0	0.0	0.0	0.0	0.0	0.0	0.0

请问现在 学校的自习室开了吗[大哭][大哭]  有没有国考面试的小伙伴一起备战啊   想想明天就要回家  大家还在过年  好桑心～ ​​​	2	10	2017-02-04 20:09    
0.384	0.0	0.157	0.0	0.0	0.0	0.038	0.0	0.0	0.0	0.0	0.0	0.0	0.0	0.0	0.0	0.0	0.0	0.0	0.0	0.0	0.0	0.0	0.0	0.0	0.0	0.0	0.0	0.0	0.0

请问谁用广中医版羊城通的图片 能发下吗？谢谢 ​​​	2	2	2017-02-03 21:18    
0.384	0.0	0.157	0.0	0.0	0.0	0.0	0.0	0.0	0.0	0.0	0.0	0.0	0.0	0.03	0.0	0.0	0.0	0.0	0.0	0.0	0.0	0.0	0.0	0.0	0.0	0.0	0.0	0.0	0.0

请问有没有师兄师姐可以介绍一些靠得住的应届毕业生找工作的网站或者给一些建议。。下学期毕业，一脸懵逼，无从下手[爱你] ​​​	3	8	2017-02-02 12:47    
0.384	0.0	0.157	0.0	0.0	0.038	0.0	0.0	0.038	0.0	0.0	0.0	0.0	0.0	0.0	0.0	0.0	0.0	0.0	0.0	0.0	0.0	0.0	0.0	0.0	0.0	0.0	0.0	0.0	0.0

请问哪里有雅诗兰黛口红买？实体店。听说还可以刻字是吗？请知道的同学告知一下[傻笑][傻笑][傻笑] ​​​	3	3	2017-01-31 18:35    
0.384	0.0	0.157	0.0	0.053	0.0	0.0	0.0	0.0	0.0	0.0	0.0	0.0	0.0	0.0	0.03	0.0	0.0	0.0	0.0	0.0	0.0	0.0	0.0	0.0	0.0	0.0	0.0	0.0	0.0

请问大学城去哪里看中医啊？可以介绍一下吗？认真脸 ​​​	3	11	2017-02-19 09:17    
0.384	0.0	0.157	0.0	0.0	0.0	0.0	0.0	0.0	0.0	0.0	0.0	0.0	0.03	0.0	0.0	0.0	0.0	0.0	0.0	0.0	0.0	0.0	0.0	0.0	0.0	0.0	0.0	0.0	0.0

请问大学城学车有什么驾校或者教练推荐呀？还有价钱如何？ ​​​	2	5	2017-02-17 23:01    
0.384	0.0	0.157	0.0	0.0	0.0	0.0	0.0	0.0	0.0	0.0	0.0	0.0	0.03	0.0	0.0	0.0	0.0	0.0	0.0	0.0	0.0	0.0	0.015	0.0	0.0	0.0	0.0	0.0	0.0

请问我们学校哪间附属医院针灸比较好啊？求好心人解答 谢谢0.0[心] ​​​	2	2	2017-01-28 18:55    
0.384	0.0	0.157	0.0	0.0	0.0	0.038	0.0	0.0	0.0	0.0	0.0	0.0	0.0	0.0	0.0	0.0	0.0	0.0	0.0	0.0	0.0	0.0	0.0	0.0	0.0	0.0	0.0	0.015	0.0

求问各位小姐姐有没有用过爱敬气垫或者luna气垫的？油皮可以用吗？或者求推大油皮非洲人能用的底妆[大哭] ​​​	3	8	2017-01-29 17:47    
0.384	0.0	0.0	0.0	0.0	0.0	0.0	0.0	0.0	0.0	0.0	0.0	0.0	0.0	0.0	0.0	0.0	0.0	0.0	0.0	0.0	0.0	0.0	0.0	0.0	0.0	0.0	0.0	0.015	0.0

请问有同学可以帮忙买温通膏吗？评论我私聊你，谢谢～ ​​​	2	3	2017-03-04 19:56    
0.384	0.0	0.157	0.075	0.053	0.0	0.0	0.0	0.0	0.0	0.0	0.0	0.0	0.0	0.0	0.0	0.0	0.0	0.0	0.0	0.0	0.0	0.023	0.0	0.0	0.0	0.0	0.0	0.0	0.0

我是一院的一个女生，想考本学校的社会医学与卫生事业管理研究生，请问有这个专业的研究生师兄师姐吗？或者是同样想考这个专业的同学，请问这个专业要考的中医基础理论和社会医学包括哪些书呢？万分感激[玫瑰] ​​​	2	2	2017-03-03 21:00    
0.384	0.0	0.157	0.0	0.053	0.038	0.038	0.0	0.038	0.0	0.03	0.03	0.0	0.0	0.0	0.0	0.0	0.0	0.023	0.0	0.0	0.0	0.0	0.0	0.0	0.0	0.0	0.0	0.0	0.0

请问哪个同学可以帮忙买温通膏，我想买六只，麻烦你评论或点赞，我私信你，谢谢~ ​​​	3	4	2017-03-05 23:23    
0.384	0.0	0.157	0.075	0.053	0.0	0.0	0.0	0.0	0.038	0.0	0.0	0.0	0.0	0.0	0.0	0.0	0.0	0.0	0.0	0.0	0.023	0.0	0.0	0.0	0.0	0.015	0.0	0.0	0.0

想学网球 请问有私教吗 ​​​	4	6	2017-03-15 14:24    
0.384	0.0	0.157	0.0	0.0	0.0	0.0	0.0	0.0	0.0	0.0	0.0	0.0	0.0	0.0	0.0	0.0	0.0	0.0	0.0	0.0	0.0	0.0	0.0	0.0	0.0	0.0	0.0	0.0	0.0

【新生收购书】请问师兄师姐有这些书吗~如果可以卖的师兄师姐微博评论下，感谢！！ ​​​	2	10	2017-03-15 14:10    
0.384	0.0	0.157	0.075	0.0	0.038	0.0	0.0	0.038	0.0	0.0	0.0	0.0	0.0	0.0	0.0	0.0	0.0	0.023	0.0	0.0	0.0	0.0	0.0	0.0	0.0	0.0	0.0	0.0	0.0

请问下栋友们，那个本科生实验室是要面试的吗，如果要面试的话老师一般叫你做什么呢？[吃惊] ​​​	2	3	2017-03-14 12:38    
0.384	0.0	0.157	0.0	0.0	0.0	0.0	0.0	0.0	0.0	0.0	0.0	0.0	0.0	0.0	0.0	0.0	0.0	0.0	0.0	0.0	0.0	0.0	0.0	0.0	0.0	0.0	0.0	0.0	0.0

请问怎么用解锁卡解锁啊…热水卡被锁了，但保安说他也不会用 ​​​	2	3	2017-03-11 11:25    
0.384	0.0	0.157	0.0	0.0	0.0	0.0	0.0	0.0	0.0	0.0	0.0	0.0	0.0	0.0	0.0	0.0	0.0	0.0	0.0	0.0	0.0	0.0	0.0	0.0	0.0	0.0	0.0	0.0	0.0

请问一下各位师兄师姐，三元里的动物实验中心的联系方式。我有个广医的同学做科研，想在我们学校的动物实验中心买小白鼠 ​​​	2	2	2017-03-10 10:31    
0.384	0.0	0.157	0.0	0.053	0.038	0.038	0.0	0.038	0.0	0.0	0.0	0.0	0.0	0.0	0.03	0.0	0.0	0.0	0.0	0.0	0.0	0.0	0.0	0.0	0.0	0.0	0.0	0.0	0.015

请问有护理学院的研究生吗？朋友想考广中医的护理专硕，可是发现一院和二院也有招生，请问你们知道他们跟护理学院的招生这有什么区别吗？ ​​​	3	2	2017-03-18 15:57    
0.384	0.0	0.157	0.0	0.0	0.0	0.0	0.0	0.0	0.0	0.0	0.03	0.0	0.0	0.03	0.0	0.0	0.0	0.0	0.023	0.0	0.0	0.0	0.0	0.0	0.0	0.0	0.0	0.0	0.0

请问一下各位女生，是不是都和我一样从小有个舞蹈梦？还想问不去学的原因是为什么呢？如果再有一次机会，你们会去学么？ ​​​	3	17	2017-03-26 20:01    
0.384	0.0	0.157	0.0	0.0	0.0	0.0	0.0	0.0	0.0	0.03	0.0	0.0	0.0	0.0	0.0	0.0	0.0	0.0	0.0	0.0	0.0	0.0	0.0	0.0	0.0	0.0	0.0	0.0	0.0

