有人知道盈点V-BOX两个人可不可以去唱吗？在线等[眼泪] ​​​	2	9	2017-02-11 16:05    
0.384	0.231	0.0	0.0	0.0	0.0	0.0	0.0	0.0	0.0	0.0	0.0	0.0	0.0	0.0	0.0	0.0	0.0	0.0	0.0	0.0	0.0	0.0	0.0	0.0	0.0	0.0	0.0	0.0	0.0

驾校教练吴福湛～有人认识的吗，想抱他大腿学车～但是不知道他为人是否负责，是否心善，是否和蔼，品德是否高尚，人格是否魅力，情商是否过百，人缘是否良好，品行是否端正～不要沉下去呀，帮我顶一下呀～盖住那些地域黑，盖住那些吃饱了撑的在这高雅平台撕逼的人儿 ​​​	2	3	2017-02-11 15:22    
0.384	0.231	0.0	0.0	0.0	0.0	0.0	0.0	0.0	0.0	0.0	0.0	0.0	0.0	0.0	0.0	0.0	0.0	0.0	0.0	0.0	0.0	0.0	0.015	0.0	0.0	0.0	0.0	0.0	0.0

有人找你出去玩，你有空，为什么你会不出门呢？即使有比较熟的朋友在也不想出门。说朋友都是从尴尬到不尴尬，毕竟你们都没有接触过。可能是有点儿厌世。想交朋友扩大朋友圈，可是自己迈不出去啊，而且自己也不算是很宅的女生。啧啧，不知道自己是怎样啊，就是想说说。有点矛盾 ​​​	2	14	2017-02-06 21:37    
0.384	0.231	0.0	0.0	0.0	0.0	0.0	0.0	0.0	0.0	0.03	0.0	0.0	0.0	0.0	0.0	0.0	0.0	0.0	0.023	0.0	0.0	0.0	0.0	0.0	0.0	0.0	0.0	0.0	0.0

因为汤包 有点想去靖江玩 有人去过吗 ​​​	2	3	2017-02-19 22:14    
0.384	0.231	0.0	0.0	0.0	0.0	0.0	0.0	0.0	0.0	0.0	0.0	0.0	0.0	0.0	0.0	0.0	0.0	0.0	0.0	0.0	0.0	0.0	0.0	0.0	0.0	0.0	0.0	0.0	0.0

最近很郁闷 有人可以陪我聊天听我发牢骚吗 点赞就好我私聊你 本人女 ​​​	33	7	2017-02-20 13:09    
0.384	0.231	0.0	0.0	0.0	0.0	0.0	0.0	0.0	0.038	0.0	0.0	0.0	0.0	0.0	0.0	0.0	0.023	0.0	0.0	0.0	0.0	0.023	0.0	0.0	0.0	0.0	0.015	0.0	0.0

睡不着，有人聊天不？想知道你们对于“EX”有什么看法？我觉得反正都分手了，各过各的，各自安好不就得了，所谓的破镜难重圆，即便重圆了还是有裂痕在，难道你心里就真的不介意？所以呢？为啥在意那么多呢？单身也挺好的，每天该吃吃该喝喝的其实也挺自在的。 ​​​	4	9	2017-02-20 00:32    
0.384	0.231	0.0	0.0	0.0	0.0	0.0	0.0	0.0	0.0	0.0	0.0	0.0	0.0	0.0	0.0	0.0	0.023	0.0	0.0	0.023	0.0	0.0	0.0	0.0	0.0	0.0	0.0	0.0	0.0

有人要二手手机吗？当备用机也好，红米 ​​​	2	15	2017-02-18 21:06    
0.384	0.231	0.0	0.0	0.0	0.0	0.0	0.0	0.0	0.0	0.0	0.0	0.0	0.0	0.0	0.0	0.0	0.0	0.0	0.0	0.0	0.0	0.0	0.0	0.0	0.0	0.0	0.0	0.0	0.0

也有人说过喜欢我，但谁也没有坚持过 ​​​	14	8	2017-02-17 13:47    
0.384	0.231	0.0	0.0	0.0	0.0	0.0	0.0	0.0	0.0	0.0	0.0	0.0	0.0	0.0	0.0	0.0	0.0	0.0	0.0	0.0	0.0	0.0	0.0	0.0	0.0	0.0	0.0	0.0	0.0

我妈老说我不会跟别人打交道，不会跟陌生人聊的热火朝天的，见到亲戚也不怎么喊人，然后承认她自己也是这种性格我这样子也受她影响，但是一直数落我以后要是不跟别人打交道不会有人脉，不受欢迎。我很委屈啊，我一个女孩子，从小在这样的环境长大，让我一下子变成一个自来熟的人也不可能啊， ​​​	7	9	2017-02-16 20:46    
0.384	0.231	0.0	0.0	0.0	0.0	0.0	0.0	0.0	0.0	0.0	0.0	0.0	0.0	0.0	0.0	0.0	0.0	0.0	0.0	0.0	0.0	0.0	0.0	0.0	0.0	0.0	0.0	0.0	0.0

正经事，有没有人想买2018新东方考研英语跟政治的网课的？单人买有点贵，有人想合用吗？听说效果还很不错的。晚上找旧资源的话，感觉不够新。 ​​​	3	54	2017-02-06 21:04    
0.384	0.231	0.0	0.0	0.0	0.0	0.0	0.0	0.0	0.0	0.0	0.0	0.03	0.0	0.0	0.03	0.023	0.0	0.0	0.0	0.0	0.0	0.0	0.0	0.0	0.0	0.0	0.0	0.0	0.0

梦里梦外，望着别人的故事，显得自己太平凡，我也想成为一个优秀的人，一个比自己想象中还要优秀的人~加油。有人送顶帽子给我吗？本人男，突然想问问而已，各位医雄好汉勿喷 ​​​	2	6	2017-02-02 02:23    
0.384	0.231	0.0	0.0	0.0	0.0	0.0	0.0	0.0	0.0	0.0	0.0	0.0	0.0	0.0	0.0	0.0	0.0	0.0	0.0	0.0	0.0	0.0	0.0	0.0	0.0	0.0	0.0	0.0	0.0

六折再-10元充一年爱奇艺，有人要吗？只要108.8的就可以用一年的爱奇艺会员了 ​​​	2	4	2017-01-29 20:06    
0.384	0.231	0.0	0.0	0.0	0.0	0.0	0.0	0.0	0.0	0.0	0.0	0.0	0.0	0.0	0.0	0.0	0.0	0.0	0.0	0.0	0.0	0.0	0.0	0.0	0.015	0.0	0.0	0.0	0.0

还真有人嘀咕红包小的，我发红包不是本分好吧？ ​​​	10	2	2017-01-28 01:44    
0.384	0.231	0.0	0.0	0.0	0.0	0.0	0.0	0.0	0.0	0.0	0.0	0.0	0.0	0.0	0.0	0.0	0.0	0.0	0.0	0.0	0.0	0.0	0.0	0.015	0.0	0.0	0.0	0.0	0.0

又有后续了，虽然有人说话就是不好听，但是无论怎么讲，他就是来哄我了。再祝大家身体健康！阖家安康 ​​​	5	2	2017-01-28 11:35    
0.384	0.231	0.0	0.0	0.0	0.0	0.0	0.0	0.0	0.0	0.0	0.0	0.0	0.0	0.0	0.0	0.0	0.0	0.0	0.0	0.0	0.0	0.0	0.0	0.0	0.0	0.0	0.015	0.0	0.0

有人要蜂蜜吗？舅舅家养的，一斤包邮。 ​​​	2	2	2017-02-24 12:31    
0.384	0.231	0.0	0.0	0.0	0.0	0.0	0.0	0.0	0.0	0.0	0.0	0.0	0.0	0.0	0.0	0.0	0.0	0.0	0.0	0.0	0.0	0.0	0.0	0.0	0.0	0.0	0.0	0.0	0.0

异地恋两年半存了车票一共86张   你说你觉得未来三年都不会再恋爱了，可朋友告诉我分手一个月你就晒了你和她的照片一年了我才知道我是被甩的  是吧 我现在对感情特没信心  有人喜欢我的懂事，有人喜欢我的能力，有人只是因为寂寞……可每次我尝试和他们接触内心却觉得恶心。 ​​​	7	4	2017-02-25 23:42    
0.384	0.231	0.0	0.0	0.0	0.0	0.0	0.0	0.0	0.0	0.0	0.0	0.0	0.0	0.0	0.0	0.0	0.0	0.0	0.023	0.023	0.0	0.0	0.0	0.0	0.015	0.0	0.0	0.0	0.0

一部旧的，不护理的用了没几次的苏泊尔豆浆机，可自动煮的，299买来，80rmb出，有人要吗 ​​​	2	3	2017-03-02 20:15    
0.384	0.231	0.0	0.0	0.0	0.0	0.0	0.038	0.0	0.0	0.0	0.0	0.0	0.0	0.0	0.0	0.0	0.0	0.0	0.0	0.0	0.0	0.0	0.0	0.0	0.0	0.0	0.0	0.0	0.0

两年没有来过广中医I栋，认识我的人都不在这里了，i栋管理员都换了好几个。27岁研究生学姐路过。在广中医这个神奇的国度，从20岁开始来广州，大学城校区也是一片狼藉，还不如三元里有人气。物是人非事事休，欲语泪先流。7年青春换来了什么？人生啊！ ​​​	6	2	2017-02-28 15:48    
0.384	0.231	0.0	0.0	0.0	0.0	0.0	0.0	0.0	0.0	0.0	0.03	0.0	0.03	0.03	0.0	0.0	0.0	0.0	0.0	0.0	0.0	0.0	0.0	0.0	0.0	0.0	0.0	0.0	0.015

有人一起去跑内环吗？ ​​​	2	2	2017-03-03 19:21    
0.384	0.231	0.0	0.0	0.0	0.0	0.0	0.0	0.0	0.0	0.0	0.0	0.0	0.0	0.0	0.0	0.0	0.0	0.0	0.0	0.0	0.0	0.0	0.0	0.0	0.0	0.0	0.0	0.0	0.0

有没有人要考广东省公务员?一起拼书，亚马逊的，京东的，有人拼就来算算哪家满减更优惠 ​​​	3	3	2017-03-03 14:04    
0.384	0.231	0.0	0.0	0.0	0.0	0.0	0.0	0.0	0.0	0.0	0.0	0.0	0.0	0.0	0.0	0.0	0.0	0.0	0.0	0.0	0.0	0.0	0.0	0.0	0.0	0.0	0.0	0.0	0.0

女生起个男生的名字不是很正常吗？为什么老是有人叫我师弟？明明我是可爱的妹子，哎呀，真不开心 ​​​	2	16	2017-03-06 20:31    
0.384	0.231	0.0	0.0	0.0	0.0	0.0	0.0	0.0	0.0	0.03	0.0	0.0	0.0	0.0	0.0	0.0	0.0	0.0	0.0	0.0	0.0	0.0	0.0	0.015	0.0	0.0	0.0	0.0	0.0

全新何凯文2018考研英语长难句解密 5块出 有人要么 ​​​	2	7	2017-03-12 20:11    
0.384	0.231	0.0	0.0	0.0	0.0	0.0	0.038	0.0	0.0	0.0	0.0	0.03	0.0	0.0	0.0	0.023	0.0	0.0	0.0	0.0	0.0	0.0	0.0	0.0	0.0	0.0	0.0	0.0	0.0

i栋有人知道大四（大学最后一年）还有奖学金吗 ​​​	2	3	2017-03-14 20:47    
0.384	0.231	0.0	0.0	0.0	0.0	0.0	0.0	0.0	0.0	0.0	0.0	0.0	0.0	0.0	0.0	0.0	0.0	0.0	0.0	0.0	0.0	0.0	0.0	0.0	0.015	0.0	0.0	0.0	0.0

有人知道这个的账号密码格式吗？ ​​​	2	5	2017-03-14 22:01    
0.384	0.231	0.0	0.0	0.0	0.0	0.0	0.0	0.0	0.0	0.0	0.0	0.0	0.0	0.0	0.0	0.0	0.0	0.0	0.0	0.0	0.0	0.0	0.0	0.0	0.0	0.0	0.0	0.0	0.0

出17年中综傲视宝典、肖秀荣（精讲精练、1000题、讲真题、八套卷、四套卷、时事政治）、恋练有词、考研英语高分写作等，有人要吗[害羞][害羞][害羞] ​​​	2	5	2017-03-12 11:03    
0.384	0.231	0.0	0.0	0.0	0.0	0.0	0.038	0.0	0.0	0.0	0.0	0.03	0.0	0.0	0.0	0.023	0.0	0.0	0.0	0.0	0.0	0.0	0.0	0.0	0.0	0.0	0.0	0.0	0.0

有人出暖贴不? 或者有谁知道附近哪里有买暖贴的? 拜托告知[祈祷] ​​​	2	4	2017-03-26 13:43    
0.384	0.231	0.0	0.0	0.0	0.0	0.0	0.0	0.0	0.0	0.0	0.0	0.0	0.0	0.0	0.03	0.0	0.0	0.0	0.0	0.0	0.0	0.0	0.0	0.0	0.0	0.0	0.0	0.0	0.0

有人卖流量吗？移动，便宜实惠的，三天 ​​​	4	2	2017-03-29 23:39    
0.384	0.231	0.0	0.0	0.0	0.0	0.0	0.0	0.0	0.0	0.0	0.0	0.0	0.0	0.0	0.0	0.0	0.0	0.0	0.0	0.0	0.0	0.0	0.0	0.0	0.0	0.0	0.0	0.0	0.0

金丝熊，四个月左右大，两只，活泼可爱，不能同笼养，只能送人了，有人要吗 ​​​	2	10	2017-04-06 15:40    
0.384	0.231	0.0	0.0	0.0	0.0	0.0	0.0	0.0	0.0	0.0	0.0	0.0	0.0	0.0	0.0	0.0	0.0	0.0	0.0	0.0	0.0	0.0	0.0	0.0	0.0	0.0	0.0	0.0	0.0

有人认识这个人吗？求他微博或微信。 ​​​	3	6	2017-04-09 15:50    
0.384	0.231	0.0	0.0	0.0	0.0	0.0	0.0	0.0	0.0	0.0	0.0	0.0	0.0	0.0	0.0	0.0	0.0	0.0	0.0	0.0	0.0	0.0	0.0	0.0	0.0	0.0	0.0	0.015	0.0

我不知道有没有武协的人会看i栋，你们每天都要训练，我不管，但是能不能在不要骚扰到别人的情况下，我是D栋的，我不知道附近楼栋的人有什么反应，但我真的觉得很烦，就拿今天来说，八点多我就被你们吵醒了。虽是周末，但也会有人睡懒觉。虽然你们没有一群人喊口号，但是你们的声音已经影响到别人了。 ​​​	5	13	2017-04-09 09:33    
0.384	0.231	0.0	0.0	0.0	0.0	0.0	0.0	0.0	0.0	0.0	0.0	0.0	0.0	0.0	0.0	0.0	0.0	0.0	0.0	0.0	0.0	0.0	0.0	0.0	0.0	0.0	0.0	0.0	0.0

求告知这是谁，有人想撩! ​​​	2	3	2017-04-09 09:04    
0.384	0.231	0.0	0.0	0.0	0.0	0.0	0.0	0.0	0.0	0.0	0.0	0.0	0.0	0.0	0.0	0.0	0.0	0.0	0.0	0.0	0.0	0.0	0.0	0.0	0.0	0.0	0.0	0.015	0.0

有人在阳台吹风吗？？ ​​​	4	10	2017-04-10 01:10    
0.384	0.231	0.0	0.0	0.0	0.0	0.0	0.0	0.0	0.0	0.0	0.0	0.0	0.0	0.0	0.0	0.0	0.0	0.0	0.0	0.0	0.0	0.0	0.0	0.0	0.0	0.0	0.0	0.0	0.0

