有人看过《乘风破浪》吗？最后小马的结局是什么?我睡着了，没看到，谁能和我说一下。评论一下呗。谢谢大家，祝大家鸡年行大运。 ​​​	2	10	2017-02-05 21:31    
0.384	0.231	0.0	0.075	0.0	0.0	0.0	0.0	0.0	0.0	0.0	0.0	0.0	0.0	0.0	0.0	0.0	0.0	0.0	0.0	0.0	0.0	0.0	0.0	0.0	0.0	0.0	0.0	0.0	0.0

一个人在宿舍不敢睡觉有人一起聊天吗，点赞评论都可以 ​​​	8	13	2017-02-01 23:43    
0.384	0.231	0.0	0.075	0.0	0.0	0.0	0.0	0.0	0.038	0.0	0.0	0.0	0.0	0.0	0.0	0.0	0.023	0.0	0.0	0.0	0.0	0.0	0.0	0.0	0.0	0.0	0.0	0.0	0.0

这些书有人要不？5元/本。需要的话评论喽[微笑]@广中医I栋 ​​​	4	9	2017-02-22 13:02    
0.384	0.231	0.0	0.075	0.0	0.0	0.0	0.0	0.0	0.0	0.0	0.0	0.0	0.0	0.03	0.0	0.0	0.0	0.023	0.0	0.0	0.0	0.0	0.0	0.0	0.0	0.0	0.0	0.0	0.0

肌研极润面霜，只用过3-4次，70出。有人要吗？评论吧[傻笑] ​​​	2	6	2017-02-02 23:19    
0.384	0.231	0.0	0.075	0.0	0.0	0.0	0.038	0.0	0.0	0.0	0.0	0.0	0.0	0.0	0.0	0.0	0.0	0.0	0.0	0.0	0.0	0.0	0.0	0.0	0.0	0.0	0.0	0.0	0.0

城野医生毛孔收缩水100ml 90元/支纪梵希小羊皮204 230元/支日本大阪关西机场免税店购入，全新。有人有兴趣吗？大学城面交。评论或点赞，我私信你。 ​​​	6	2	2017-02-24 13:41    
0.384	0.231	0.0	0.075	0.0	0.0	0.0	0.0	0.0	0.038	0.0	0.0	0.0	0.03	0.0	0.0	0.0	0.0	0.0	0.0	0.0	0.023	0.0	0.0	0.0	0.0	0.0	0.0	0.0	0.0

有人想一起去图书馆学习，一起运动嘛？本人女。有的评论私聊 ​​​	4	15	2017-02-27 00:29    
0.384	0.231	0.0	0.075	0.0	0.0	0.0	0.0	0.0	0.0	0.0	0.0	0.0	0.0	0.0	0.0	0.0	0.0	0.0	0.0	0.0	0.0	0.023	0.0	0.0	0.0	0.0	0.0	0.0	0.0

自己海淘拼邮官网买的Dr Sebagh赛贝格5g装Vc粉。今天终于到啦 多了一支有人要吗220出～点赞或者评论我私信你 ​​​	2	4	2017-03-06 18:52    
0.384	0.231	0.0	0.075	0.0	0.0	0.0	0.038	0.0	0.038	0.0	0.0	0.0	0.0	0.0	0.0	0.0	0.0	0.0	0.0	0.0	0.023	0.0	0.0	0.0	0.0	0.0	0.0	0.0	0.0

