宿舍的情人节，咱们不撒狗粮。 ​​​	23	8	2017-02-14 19:54    
0.509	0.0	0.0	0.0	0.0	0.086	0.0	0.0	0.0	0.0	0.0	0.0	0.0	0.0	0.0	0.0	0.0	0.0	0.0	0.0	0.0	0.0	0.0	0.0	0.0	0.0	0.0	0.0	0.0	0.0

同学们 你们是怎么对抗宿舍的老鼠的 有没有成功消灭老鼠让它们再也没法出现的葵花宝典卖？ ​​​	2	17	2017-02-11 19:42    
0.509	0.0	0.0	0.0	0.0	0.086	0.0	0.0	0.0	0.0	0.0	0.0	0.0	0.0	0.0	0.0	0.0	0.0	0.0	0.0	0.0	0.0	0.0	0.0	0.0	0.0	0.0	0.0	0.0	0.0

尴尬得死！！尼玛屏蔽我！！。真心尴尬[拜拜]想说，这么多人讨厌你，那就不是我的错了呵呵呵。你屏蔽我？你爱屏蔽你屏蔽吧！老子不看了！！奉劝各位大三搬校区换宿舍用点心看清人。别挑那种为了几句话就屏蔽你的人！ ​​​	2	4	2017-02-06 23:31    
0.509	0.0	0.0	0.0	0.0	0.086	0.0	0.0	0.0	0.0	0.0	0.0	0.0	0.0	0.0	0.0	0.0	0.0	0.0	0.0	0.0	0.0	0.0	0.0	0.0	0.0	0.027	0.0	0.0	0.0

一个人在宿舍不敢睡觉有人一起聊天吗，点赞评论都可以 ​​​	8	13	2017-02-01 23:43    
0.509	0.0	0.0	0.0	0.0	0.086	0.081	0.0	0.0	0.054	0.0	0.0	0.0	0.0	0.0	0.0	0.0	0.0	0.032	0.0	0.0	0.0	0.0	0.0	0.0	0.0	0.0	0.0	0.0	0.0

你不是一个人，我们宿舍昨晚12点还有人敲门[摊手][摊手][摊手]，逼疯[二哈] ​​​	4	6	2017-02-22 22:47    
0.509	0.0	0.0	0.0	0.0	0.086	0.0	0.0	0.0	0.0	0.0	0.0	0.0	0.0	0.0	0.0	0.0	0.0	0.0	0.0	0.0	0.0	0.0	0.0	0.0	0.0	0.0	0.0	0.0	0.0

宝宝可是自己一个人在宿舍啊，今晚被师姐们敲门（宣传＋调查）至少十次，十点多了还到处敲门谁受得了啊，求放过[大哭] ​​​	3	5	2017-02-22 22:42    
0.509	0.0	0.0	0.0	0.0	0.086	0.0	0.07	0.0	0.0	0.0	0.0	0.0	0.0	0.0	0.0	0.0	0.0	0.0	0.0	0.0	0.0	0.0	0.0	0.0	0.0	0.0	0.0	0.0	0.0

H栋师姐又发作了，一个人在宿舍好害怕[惊讶] ​​​	3	8	2017-02-19 18:42    
0.509	0.0	0.0	0.0	0.0	0.086	0.0	0.07	0.0	0.0	0.0	0.0	0.0	0.0	0.0	0.0	0.0	0.0	0.0	0.032	0.0	0.0	0.0	0.0	0.0	0.0	0.0	0.0	0.0	0.0

大家有什么好用的淘宝贴纸推荐吗？打算把宿舍柜子全部贴上贴纸[爱心][爱心] ​​​	2	2	2017-02-17 11:26    
0.509	0.0	0.0	0.0	0.0	0.086	0.0	0.0	0.0	0.0	0.0	0.0	0.0	0.0	0.0	0.0	0.0	0.0	0.0	0.0	0.0	0.0	0.0	0.0	0.0	0.0	0.0	0.0	0.0	0.0

年老色衰的师姐想把宿舍的用过超少，但是！完完全全是放旧的苏泊尔豆浆机转了，原价300呢，可以自动煮的[悲伤][悲伤] ​​​	2	2	2017-02-07 23:16    
0.509	0.0	0.0	0.0	0.0	0.086	0.0	0.07	0.0	0.0	0.0	0.0	0.0	0.0	0.0	0.0	0.0	0.0	0.0	0.0	0.0	0.0	0.0	0.0	0.0	0.0	0.0	0.0	0.0	0.0

外省的，在微信宿舍群里面发了个小红包，群里人人都有份的，但是大家领完了就没有下文了，呃呃呃呃看来我是会错意了，我以为大家会发个红包接力啥的，结果大家领完了，就，散，了…[捂脸][捂脸][捂脸] ​​​	2	9	2017-01-27 23:46    
0.509	0.0	0.0	0.0	0.0	0.086	0.0	0.0	0.0	0.0	0.0	0.0	0.0	0.0	0.0	0.0	0.0	0.0	0.0	0.0	0.0	0.0	0.0	0.0	0.0	0.0	0.0	0.0	0.0	0.0

如果下次还是从十点半吵到12点到现在我毫无睡意，我就把宿舍网断了，让你打TM的游戏，让你点鼠标，让你流量多，呵呵。我还能更不要脸就是把你艾特出来让你TM的给我装，有本事告到辅导员那里啊，呵呵呵。不过这次不用猜了，就是我发的。[摊手] ​​​	5	34	2017-03-05 00:18    
0.509	0.0	0.0	0.0	0.0	0.086	0.0	0.0	0.0	0.0	0.0	0.0	0.0	0.0	0.0	0.0	0.0	0.0	0.0	0.0	0.0	0.0	0.0	0.0	0.0	0.0	0.0	0.0	0.0	0.0

我想问一下住在D栋靠篮球场这边宿舍的女生们，更准确说是在采芝林往上的宿舍今天凌晨4,5点是否会听到断断续续的嗡鸣声，响5、6秒，停十几二十秒后又响这样的。这个星期第二次了。因为不知道什么原因不知如何报修，也很难说明白。如果大家跟我一样被吵得睡不着，我们集体向物业反映吧[泪] ​​​	3	4	2017-03-11 05:32    
0.509	0.0	0.0	0.0	0.0	0.086	0.0	0.0	0.0	0.0	0.0	0.0	0.0	0.0	0.0	0.0	0.032	0.0	0.0	0.0	0.0	0.0	0.0	0.0	0.0	0.0	0.0	0.0	0.0	0.0

【需要自取】马上要离开大学城了，临走前清货的时候发现前任送的一瓶香水和之前小师妹送的小香水。因为本人不喜欢用这种，也不太喜欢女生香水的甜味。如果有需求的妹子可以去拿，东西我放在9栋宿舍7楼电梯口的消防柜上了。小香水大概还有一半，大的没用过全新。希望新主人善待它们吧。 ​​​	4	5	2017-03-12 13:50    
0.509	0.0	0.0	0.0	0.0	0.086	0.0	0.0	0.0	0.0	0.0	0.038	0.0	0.0	0.0	0.0	0.032	0.0	0.0	0.032	0.0	0.0	0.0	0.032	0.0	0.0	0.0	0.0	0.0	0.0

有没有哪个外卖是可以送上宿舍的？特殊时期不舒服实在不想动 。 ​​​	2	5	2017-03-04 10:12    
0.509	0.0	0.0	0.0	0.0	0.086	0.0	0.0	0.0	0.0	0.0	0.0	0.0	0.0	0.0	0.0	0.0	0.0	0.0	0.0	0.0	0.0	0.0	0.0	0.0	0.0	0.0	0.0	0.0	0.0

昨晚大概八点钟，M栋楼下。我和男票骑着小黄车出去，因为东西落宿舍了上去拿，男票骑小黄车在楼下等我。一个女生跑过去要求骑走小黄车，男票告诉她我们还没骑完，她“义正言辞”说小黄车是共享单车是公共的，不要外面停放的那么多小黄车，愣是坚持牵走了我那辆小黄车 ​​​	2	36	2017-03-29 21:51    
0.509	0.0	0.0	0.0	0.0	0.086	0.0	0.0	0.0	0.0	0.0	0.0	0.0	0.0	0.0	0.0	0.032	0.0	0.0	0.032	0.0	0.0	0.0	0.0	0.0	0.027	0.0	0.0	0.0	0.0

宿舍养了只哈士奇，有其他宿舍也养了小狗吗， 交流交流分享经验 ​​​	4	8	2017-04-09 02:25    
0.509	0.0	0.0	0.0	0.0	0.086	0.0	0.0	0.0	0.0	0.0	0.0	0.0	0.0	0.0	0.0	0.0	0.0	0.0	0.0	0.0	0.0	0.0	0.0	0.0	0.0	0.0	0.0	0.0	0.0

