我就问问有同学仔去邓紫棋演唱会吗 广州站的 ​​​	12	19	2017-02-14 09:18    
0.509	0.156	0.0	0.0	0.0	0.0	0.0	0.0	0.0	0.0	0.0	0.0	0.0	0.0	0.0	0.0	0.0	0.032	0.0	0.0	0.0	0.0	0.0	0.0	0.0	0.0	0.0	0.0	0.0	0.0

请问你们都是怎么度过恋情困难期的。我感觉我和他走不下去了，所以提了分手，他说让我冷静两天再说……我现在心好乱，不知道怎么办[鼻涕]其实之前已经提过一次，一天不到我就回头了，但这次，我思考了很久很久……（请别随意说劝分不劝和了，有经验的同学麻烦帮帮我[悲伤]） ​​​	4	14	2017-02-12 19:51    
0.509	0.156	0.0	0.0	0.0	0.0	0.0	0.0	0.054	0.0	0.0	0.0	0.0	0.0	0.0	0.0	0.0	0.0	0.0	0.0	0.0	0.0	0.0	0.0	0.0	0.0	0.0	0.0	0.0	0.0

说一下自己的个人感受，身边的潮汕同学，好像别人天生就要迫害潮汕人似的，然后打着团结的口号，但所作所为其实和强权没什么区别，什么东西都是潮汕要最好的，次的才剩下给别人，潜意识里面就把自己当作是了上等人 ​​​	2	9	2017-02-11 12:40    
0.509	0.156	0.0	0.0	0.0	0.0	0.0	0.0	0.0	0.0	0.0	0.0	0.0	0.0	0.0	0.0	0.0	0.0	0.0	0.0	0.0	0.0	0.0	0.0	0.0	0.0	0.0	0.0	0.0	0.0

有同学在网上药店买过药吗？就是康爱多，七乐康那些，今天在康爱多买了一支药膏，发现包装上的字体粗细和在医院买的明显不一样，会不会是假货？？ ​​​	2	4	2017-02-09 14:02    
0.509	0.156	0.0	0.0	0.0	0.0	0.0	0.0	0.0	0.0	0.0	0.0	0.0	0.0	0.038	0.0	0.0	0.0	0.0	0.0	0.0	0.0	0.0	0.0	0.0	0.0	0.0	0.027	0.0	0.0

各位中医专业的同学，，帮忙看看这个方子会不会太重了，吃了身体不太舒服，还有有没有简便的熬法？ ​​​	4	2	2017-02-05 16:56    
0.509	0.156	0.0	0.0	0.0	0.0	0.0	0.0	0.0	0.0	0.0	0.0	0.0	0.0	0.0	0.0	0.0	0.0	0.0	0.0	0.0	0.0	0.0	0.0	0.0	0.0	0.0	0.0	0.0	0.0

想买个拍立得送给女朋友。有入手过的同学推荐一下店铺啥的吗？谢谢谢谢！/:rose/:rose/:rose ​​​	4	4	2017-01-31 18:39    
0.509	0.156	0.0	0.0	0.0	0.0	0.0	0.0	0.0	0.0	0.0	0.0	0.0	0.0	0.0	0.032	0.0	0.0	0.0	0.0	0.0	0.0	0.0	0.0	0.0	0.0	0.0	0.0	0.0	0.0

请问哪里有雅诗兰黛口红买？实体店。听说还可以刻字是吗？请知道的同学告知一下[傻笑][傻笑][傻笑] ​​​	3	3	2017-01-31 18:35    
0.509	0.156	0.0	0.0	0.0	0.0	0.0	0.0	0.054	0.0	0.0	0.0	0.0	0.0	0.038	0.0	0.0	0.0	0.0	0.0	0.0	0.0	0.0	0.0	0.0	0.0	0.0	0.0	0.0	0.0

趁现在是大学生，多去旅游，因为现在相对有时间，还有半价！还有自己的同学在当地照应自己！现在在做北京旅游的攻略，感触良多！ ​​​	8	11	2017-02-02 21:13    
0.509	0.156	0.0	0.0	0.0	0.0	0.0	0.0	0.0	0.0	0.0	0.0	0.0	0.0	0.0	0.0	0.0	0.0	0.0	0.0	0.0	0.0	0.0	0.0	0.0	0.0	0.0	0.0	0.0	0.0

我是昨天发i栋想要去箍牙的同学，已经决定好过几天就去医院上牙套了，谢谢各位同学的建议，i栋上还是有挺多热心好人的[害羞] ​​​	6	2	2017-02-17 20:39    
0.509	0.156	0.0	0.0	0.0	0.0	0.0	0.0	0.0	0.0	0.0	0.0	0.0	0.0	0.0	0.0	0.0	0.0	0.0	0.0	0.0	0.0	0.0	0.0	0.0	0.0	0.0	0.027	0.0	0.0

同学，不努力一把你不知道你自己有多废物 ​​​	7	2	2017-02-14 13:12    
0.509	0.156	0.0	0.0	0.0	0.0	0.0	0.0	0.0	0.0	0.0	0.0	0.0	0.0	0.0	0.0	0.0	0.0	0.0	0.0	0.0	0.0	0.0	0.0	0.0	0.0	0.0	0.0	0.0	0.0

已经回校的同学能听到附近车子的警报声一直响吗？小明穿着小内内站在阳台火冒三丈的观望很久了，就不见他去砸车，可以我发不了照片 ​​​	4	2	2017-02-13 01:02    
0.509	0.156	0.0	0.0	0.0	0.0	0.0	0.0	0.0	0.0	0.0	0.0	0.0	0.0	0.0	0.0	0.0	0.0	0.0	0.0	0.0	0.0	0.0	0.0	0.0	0.0	0.0	0.0	0.0	0.0

老爸在香港给带了苹果6s，32G的，现出售3800元，新的未开封过得，有想要的同学评论里回复。 ​​​	2	17	2017-02-01 17:48    
0.509	0.156	0.0	0.0	0.0	0.0	0.081	0.0	0.0	0.0	0.0	0.0	0.0	0.0	0.0	0.0	0.0	0.0	0.0	0.0	0.0	0.0	0.0	0.0	0.0	0.0	0.0	0.0	0.0	0.0

我身边的男性朋友或同学都会和女朋友跨完年（电话或者微信），再决定是否要和朋友一起出去玩，上面评论那些作的矫情的说分手的，不知道你是否有女朋友[呵呵] ​​​	4	17	2017-01-28 17:28    
0.509	0.156	0.0	0.0	0.0	0.0	0.081	0.0	0.0	0.0	0.0	0.0	0.0	0.0	0.0	0.032	0.0	0.0	0.0	0.0	0.0	0.0	0.0	0.0	0.0	0.0	0.0	0.0	0.0	0.0

牛逼了，花十几二十买敬业福的同学！一亿六千多万人分两亿，牛逼了！ ​​​	6	2	2017-01-27 22:24    
0.509	0.156	0.0	0.0	0.0	0.0	0.0	0.0	0.0	0.0	0.0	0.0	0.0	0.0	0.038	0.0	0.0	0.0	0.0	0.0	0.0	0.0	0.0	0.0	0.0	0.0	0.0	0.0	0.0	0.0

同学方便进来一下吗，同学可以借一下充电线吗，同学你平时经常学英语吗 ​​​	24	14	2017-02-24 00:44    
0.509	0.156	0.0	0.0	0.0	0.0	0.0	0.0	0.0	0.0	0.0	0.0	0.0	0.0	0.0	0.0	0.0	0.0	0.0	0.0	0.032	0.0	0.0	0.0	0.0	0.0	0.0	0.0	0.0	0.0

某些给小黄车上私锁的同学，看到了吗，偷盗罪，希望你们有一天也被抓到哦[微笑] ​​​	6	2	2017-02-24 14:15    
0.509	0.156	0.0	0.0	0.0	0.0	0.0	0.0	0.0	0.0	0.0	0.038	0.0	0.0	0.0	0.0	0.0	0.0	0.0	0.0	0.0	0.0	0.0	0.0	0.0	0.0	0.0	0.0	0.0	0.0

我就是在夺命坡十字路口 不小心摔倒拦截了一大堆同学过马路的同学。被我阻碍到了的同学对不起[大哭]伸手拉我一把的同学谢谢！只能说脚扭伤越来越严重了 ​​​	2	2	2017-03-01 08:39    
0.509	0.156	0.0	0.0	0.0	0.0	0.0	0.0	0.0	0.0	0.0	0.0	0.0	0.0	0.0	0.0	0.0	0.0	0.0	0.0	0.0	0.0	0.0	0.0	0.0	0.0	0.0	0.0	0.0	0.0

C栋靠近食堂这边掉落一只小狗，受伤很严重，麻烦看到同学转发一下， ​​​	3	10	2017-02-28 14:35    
0.509	0.156	0.0	0.0	0.0	0.0	0.0	0.0	0.0	0.0	0.0	0.0	0.0	0.0	0.0	0.0	0.0	0.0	0.0	0.032	0.0	0.0	0.0	0.0	0.0	0.0	0.0	0.0	0.0	0.0

广中医一饭通往广药生活区的斜坡上捡到#黄耀文#同学的身份证，请有认识他的同学让他联系18813966005 ​​​	3	4	2017-03-05 18:53    
0.509	0.156	0.0	0.0	0.0	0.0	0.0	0.0	0.0	0.0	0.0	0.0	0.0	0.0	0.0	0.0	0.0	0.0	0.0	0.0	0.0	0.0	0.0	0.0	0.0	0.0	0.0	0.0	0.0	0.0

请问有同学可以帮忙买温通膏吗？评论我私聊你，谢谢～ ​​​	2	3	2017-03-04 19:56    
0.509	0.156	0.0	0.0	0.0	0.0	0.081	0.0	0.054	0.0	0.0	0.0	0.0	0.0	0.0	0.0	0.0	0.0	0.0	0.0	0.0	0.0	0.0	0.0	0.0	0.0	0.0	0.0	0.0	0.0

我是一院的一个女生，想考本学校的社会医学与卫生事业管理研究生，请问有这个专业的研究生师兄师姐吗？或者是同样想考这个专业的同学，请问这个专业要考的中医基础理论和社会医学包括哪些书呢？万分感激[玫瑰] ​​​	2	2	2017-03-03 21:00    
0.509	0.156	0.0	0.0	0.086	0.0	0.0	0.07	0.054	0.0	0.038	0.0	0.0	0.0	0.0	0.0	0.032	0.0	0.0	0.0	0.0	0.032	0.0	0.0	0.0	0.0	0.0	0.0	0.0	0.0

请问哪个同学可以帮忙买温通膏，我想买六只，麻烦你评论或点赞，我私信你，谢谢~ ​​​	3	4	2017-03-05 23:23    
0.509	0.156	0.0	0.0	0.0	0.0	0.081	0.0	0.054	0.054	0.0	0.0	0.0	0.0	0.0	0.0	0.0	0.0	0.0	0.0	0.0	0.0	0.0	0.0	0.0	0.0	0.0	0.0	0.0	0.0

请问有人想领养仓鼠吗，因本人没空照顾故想找个有爱心的同学领养，雌性，大概4个月大，紫仓，全套装备齐全。 ​​​	2	9	2017-03-12 21:15    
0.509	0.156	0.0	0.0	0.0	0.0	0.0	0.0	0.054	0.0	0.0	0.0	0.0	0.0	0.0	0.0	0.0	0.0	0.032	0.0	0.0	0.0	0.0	0.0	0.027	0.0	0.0	0.0	0.0	0.0

问一个困扰了我很久的问题，一点点的饮品很好喝吗？每次路过都被门口的长龙吓到。我自己还有周围一些同学觉得一般般，另一部分同学又觉得好喝。其他饮品店也没出现过这种每天都排长龙的情况。[失望] ​​​	3	22	2017-03-14 16:58    
0.509	0.156	0.0	0.0	0.0	0.0	0.0	0.0	0.0	0.0	0.0	0.0	0.0	0.0	0.0	0.0	0.0	0.0	0.0	0.0	0.0	0.0	0.0	0.0	0.0	0.0	0.0	0.0	0.0	0.0

李小翠同学，我捡到了你的一卡通，评论我私信你！ ​​​	4	3	2017-03-14 18:32    
0.509	0.156	0.0	0.0	0.0	0.0	0.081	0.0	0.0	0.0	0.0	0.0	0.0	0.0	0.0	0.0	0.0	0.0	0.0	0.0	0.0	0.0	0.0	0.0	0.0	0.0	0.0	0.0	0.0	0.0

从香港带回的一些存货：Mac口红chili一支、cockney一支，贝德玛卸妆水蓝粉各一瓶，露华浓150粉底液，Kiss me 眼线笔，碧柔SPF50蓝色防晒霜两瓶，娥佩兰薏仁水一瓶，黑春雨面膜。有意的同学点赞或留下评论，我私你。广中医大学城校区可面交。 ​​​	9	22	2017-03-12 10:02    
0.509	0.156	0.0	0.0	0.0	0.0	0.081	0.0	0.0	0.054	0.0	0.0	0.0	0.0	0.0	0.0	0.0	0.0	0.0	0.0	0.0	0.0	0.0	0.032	0.0	0.0	0.0	0.0	0.0	0.0

有同学要出瑜伽垫吗[可怜] ​​​	2	2	2017-03-10 22:56    
0.509	0.156	0.0	0.0	0.0	0.0	0.0	0.0	0.0	0.0	0.0	0.0	0.0	0.0	0.0	0.0	0.0	0.0	0.0	0.0	0.0	0.0	0.0	0.0	0.0	0.0	0.0	0.0	0.0	0.0

请问一下各位师兄师姐，三元里的动物实验中心的联系方式。我有个广医的同学做科研，想在我们学校的动物实验中心买小白鼠 ​​​	2	2	2017-03-10 10:31    
0.509	0.156	0.0	0.0	0.086	0.0	0.0	0.07	0.054	0.0	0.0	0.0	0.0	0.0	0.038	0.0	0.0	0.0	0.0	0.0	0.0	0.032	0.0	0.0	0.0	0.0	0.0	0.0	0.0	0.0

各位同学，最近师兄又要回一趟大学城了，[捂脸]，有需要温通膏的同学吗？我可以帮你带过去哦哦。三元里的同学也可以帮忙带哦哦。一只是13快，有需要的下方评论，师兄（师弟）会私信你的哟。[奸笑][奸笑] ​​​	3	22	2017-03-09 18:24    
0.509	0.156	0.0	0.0	0.086	0.0	0.081	0.0	0.0	0.0	0.0	0.0	0.0	0.0	0.0	0.0	0.0	0.0	0.0	0.0	0.0	0.0	0.0	0.032	0.0	0.0	0.0	0.0	0.0	0.0

想问一下宿舍楼电梯口上面的监控有开的吗，我想调监控看一下。外卖被偷了，心态有点炸。希望知情的同学在评论里面回复一下。有时候真的搞不懂这些大学生怎么这么没素质，这位偷我外卖的同学真是幸运要拿你出来杀鸡儆猴了。希望大家可以洁身自爱。谢谢。 ​​​	4	4	2017-03-19 13:22
0.509	0.156	0.0	0.0	0.0	0.0	0.081	0.0	0.0	0.0	0.0	0.038	0.0	0.0	0.0	0.0	0.0	0.0	0.0	0.0	0.0	0.0	0.0	0.0	0.0	0.0	0.0	0.0	0.0	0.0

大学城住宿区D栋爱拿别人外卖的同学，你们吃的还开心吗?已经遭遇过好多次，还有一次丢好几份的，连送外卖的店家都知道我们的宿舍楼不安全，我是真的服气。希望你们好自为之。 ​​​	4	12	2017-03-29 09:30    
0.509	0.156	0.0	0.0	0.0	0.0	0.0	0.0	0.0	0.0	0.0	0.038	0.0	0.0	0.0	0.0	0.0	0.0	0.0	0.0	0.0	0.0	0.0	0.032	0.0	0.0	0.027	0.0	0.0	0.0

