想在贵校找个女朋友，本人男 ，身高174，体重70，毕业三年，在广州南沙工作，潮汕人，如果有意可点赞我联系你 希望找到心仪那个你 ​​​	3	4	2017-02-13 16:45    
0.509	0.0	0.091	0.0	0.0	0.0	0.0	0.0	0.0	0.054	0.0	0.038	0.038	0.0	0.0	0.032	0.0	0.032	0.0	0.0	0.0	0.0	0.0	0.0	0.027	0.027	0.0	0.0	0.0	0.027

家里不算有钱，中等阶层吧，家里人买房帮我付了首期，打算让我出来后自己开始供（今年大三），其实，这算不算还没毕业就有压力了…… ​​​	5	15	2017-02-06 18:12    
0.509	0.0	0.091	0.0	0.0	0.0	0.0	0.0	0.0	0.0	0.0	0.0	0.0	0.0	0.0	0.0	0.0	0.0	0.0	0.0	0.0	0.0	0.0	0.0	0.0	0.0	0.0	0.0	0.0	0.0

毕业后感慨，大学生活真好，放假放到22号 ​​​	5	6	2017-02-03 23:32    
0.509	0.0	0.091	0.0	0.0	0.0	0.0	0.0	0.0	0.0	0.0	0.0	0.0	0.0	0.0	0.0	0.0	0.0	0.0	0.0	0.0	0.0	0.0	0.0	0.0	0.0	0.0	0.0	0.0	0.0

接上一条，是你们隔壁学校的，理工男。研究生毕业出来两年多了。以前某些原因关注了i栋，要是不适合在这里发那以后不发就是咯。没有想生太多，1个最好，可以不生更好。在医院工作但是非医生。待遇都是税后，没有虚报。比较宅，闷骚。不主动。无聊就是睡觉看电影 ​​​	5	14	2017-02-02 21:09    
0.509	0.0	0.091	0.0	0.0	0.0	0.0	0.0	0.0	0.0	0.038	0.0	0.038	0.0	0.0	0.0	0.0	0.0	0.0	0.0	0.0	0.032	0.0	0.0	0.0	0.027	0.0	0.027	0.0	0.0

请问有没有师兄师姐可以介绍一些靠得住的应届毕业生找工作的网站或者给一些建议。。下学期毕业，一脸懵逼，无从下手[爱你] ​​​	3	8	2017-02-02 12:47    
0.509	0.0	0.091	0.0	0.086	0.0	0.0	0.07	0.054	0.0	0.0	0.0	0.038	0.0	0.0	0.0	0.0	0.0	0.0	0.0	0.0	0.0	0.0	0.0	0.0	0.0	0.027	0.0	0.0	0.0

想个护士女朋友？不过本人已毕业，要求不是大四就要毕业参加工作的 坐标要求广州 有意点赞 ​​​	4	3	2017-02-20 15:58    
0.509	0.0	0.091	0.0	0.0	0.0	0.0	0.0	0.0	0.054	0.0	0.0	0.038	0.0	0.0	0.032	0.0	0.032	0.0	0.0	0.0	0.0	0.0	0.0	0.0	0.0	0.0	0.0	0.0	0.0

快毕业了，研究生没考上，找到的医院突然不想签了，什么都不想做，实习又想家，哭了也不能宣泄，感觉心里有点透不过气，大家是怎么渡过这种时期的？ ​​​	2	13	2017-02-16 22:00    
0.509	0.0	0.091	0.0	0.0	0.0	0.0	0.0	0.0	0.0	0.038	0.0	0.0	0.0	0.0	0.0	0.0	0.0	0.0	0.0	0.0	0.0	0.0	0.0	0.0	0.0	0.0	0.027	0.0	0.0

现在一个人在宿舍得开台灯才敢睡，一年后毕业了可怎么在外面找工作租房子。想家，一个人总是孤零零的。 ​​​	9	5	2017-02-18 00:02    
0.509	0.0	0.091	0.0	0.0	0.086	0.0	0.0	0.0	0.0	0.0	0.0	0.038	0.0	0.0	0.0	0.0	0.0	0.0	0.0	0.0	0.0	0.0	0.0	0.0	0.0	0.0	0.0	0.0	0.0

毕业以后我想支付宝帮我交房租[坏笑] ​​​	2	10	2017-02-17 17:27    
0.509	0.0	0.091	0.0	0.0	0.0	0.0	0.0	0.0	0.0	0.0	0.0	0.0	0.0	0.0	0.0	0.0	0.0	0.0	0.0	0.0	0.0	0.0	0.0	0.0	0.0	0.0	0.0	0.0	0.0

还没毕业，身边的姑娘一个个嫁人了 ​​​	9	3	2017-02-24 21:13    
0.509	0.0	0.091	0.0	0.0	0.0	0.0	0.0	0.0	0.0	0.0	0.0	0.0	0.0	0.0	0.0	0.0	0.0	0.0	0.0	0.0	0.0	0.0	0.0	0.0	0.0	0.0	0.0	0.0	0.0

一个人孤身在外打拼，朋友也少，单身久了真的想找个异性的伴侣倾诉一下，可以是网恋，可以互吐苦水，我希望你在心智上是一个知性成熟的女性，本人毕业3年有余，有三段恋爱史，身高173，年龄26周岁，金牛座。有意就评论或者点赞我私信你吧，谢谢 ​​​	4	6	2017-02-24 22:43    
0.509	0.0	0.091	0.0	0.0	0.0	0.081	0.0	0.0	0.054	0.0	0.038	0.0	0.0	0.0	0.0	0.0	0.0	0.0	0.0	0.0	0.0	0.0	0.0	0.027	0.0	0.0	0.0	0.027	0.027

有没有男生宿舍有空床的啊……三元里的宝宝定科大学城了啊…需要床铺到毕业啊……其实也没几个月了，有什么条件可以提出来商量一下啊。。 ​​​	2	2	2017-03-02 16:07    
0.509	0.0	0.091	0.0	0.0	0.0	0.0	0.0	0.0	0.0	0.0	0.0	0.0	0.0	0.0	0.0	0.0	0.0	0.0	0.0	0.0	0.0	0.0	0.032	0.0	0.0	0.0	0.0	0.0	0.0

快毕业了，而我却还没在大学拍过拖。[闭眼] [闭眼] [闭眼] [闭眼] ​​​	2	11	2017-02-28 00:41    
0.509	0.0	0.091	0.0	0.0	0.0	0.0	0.0	0.0	0.0	0.0	0.0	0.0	0.0	0.0	0.0	0.0	0.0	0.0	0.0	0.0	0.0	0.0	0.0	0.0	0.0	0.0	0.0	0.0	0.0

汇报个屁，实验到现在，没指导一下，就爱搞汇报这事。汇报了也没好好指导，就催实验。我也想有结果，发文章毕业好么？！[怒骂] ​​​	2	3	2017-03-13 12:05    
0.509	0.0	0.091	0.0	0.0	0.0	0.0	0.0	0.0	0.0	0.0	0.0	0.0	0.0	0.0	0.0	0.0	0.0	0.0	0.0	0.0	0.0	0.0	0.0	0.0	0.0	0.027	0.0	0.0	0.0

今年6月份毕业的我们，要不要来一场多人的快闪呀？类似前年中大那样 ​​​	3	4	2017-03-07 11:22    
0.509	0.0	0.091	0.0	0.0	0.0	0.0	0.0	0.0	0.0	0.0	0.0	0.0	0.0	0.0	0.0	0.0	0.0	0.0	0.0	0.0	0.0	0.0	0.0	0.0	0.0	0.0	0.0	0.0	0.0

大三狗，不想毕业后相亲。好想在大学找个女朋友啊，条件不算差，有想找男朋友的女生吗？点赞我私聊你 ​​​	8	6	2017-03-19 11:00    
0.509	0.0	0.091	0.0	0.0	0.0	0.0	0.0	0.0	0.054	0.0	0.0	0.0	0.0	0.0	0.032	0.032	0.0	0.0	0.0	0.0	0.0	0.0	0.0	0.027	0.0	0.0	0.0	0.0	0.0

就服这些一次课没上，小组合作不干活，论文瞎鸡巴抄，还成绩拿得心安理得的人，操蛋，现在毕业论文不会写了吧，傻逼，老子等这一天很久了，祝你不能毕业 ​​​	5	3	2017-04-06 11:02    
0.509	0.0	0.091	0.0	0.0	0.0	0.0	0.0	0.0	0.0	0.0	0.0	0.0	0.0	0.0	0.0	0.0	0.0	0.0	0.0	0.0	0.0	0.0	0.0	0.0	0.0	0.0	0.0	0.0	0.0

作为一个理工单身男，毕业后在广州工作快一年了，觉得差不多该谈恋爱了，有没同样是时候脱单的那个你，点赞我私聊你，本人身高176，不沉迷游戏，不宅男 ​​​	7	7	2017-04-09 17:29    
0.509	0.0	0.091	0.0	0.0	0.0	0.0	0.0	0.0	0.054	0.0	0.0	0.038	0.0	0.0	0.0	0.0	0.032	0.0	0.0	0.0	0.0	0.0	0.0	0.0	0.027	0.0	0.0	0.0	0.027

研究生毕业一年，家里催婚了，唉，好好找个对象吧。祝福明天 ​​​	8	3	2017-04-09 14:04    
0.509	0.0	0.091	0.0	0.0	0.0	0.0	0.0	0.0	0.0	0.038	0.0	0.0	0.0	0.0	0.0	0.0	0.0	0.0	0.0	0.0	0.0	0.0	0.0	0.027	0.0	0.0	0.0	0.0	0.0

