请问各位师兄师姐，研究生的学费和补贴具体是多少啊？想考研，但又不想家里为自己花太多钱 ​​​	4	8	2017-02-07 00:52    
0.509	0.0	0.0	0.086	0.086	0.0	0.0	0.07	0.054	0.0	0.038	0.0	0.0	0.0	0.0	0.0	0.0	0.0	0.0	0.0	0.0	0.0	0.0	0.0	0.0	0.0	0.0	0.0	0.0	0.0

分享各种软件资源，教学视频，影视资源，考研考证资源 ​​​	2	15	2017-02-02 14:56    
0.509	0.0	0.0	0.086	0.0	0.0	0.0	0.0	0.0	0.0	0.0	0.0	0.0	0.0	0.0	0.0	0.0	0.0	0.0	0.0	0.0	0.0	0.0	0.0	0.0	0.0	0.0	0.0	0.0	0.0

在佛山医院工作的师兄，身高170，工作稳定，想找一个以后想在佛山发展的女朋友，点赞或者评论吧 ​​​	8	13	2017-01-31 09:26    
0.509	0.0	0.0	0.0	0.086	0.0	0.081	0.0	0.0	0.054	0.0	0.0	0.038	0.0	0.0	0.032	0.0	0.0	0.0	0.0	0.0	0.0	0.0	0.0	0.0	0.0	0.0	0.027	0.0	0.027

D栋姓林的女生，你的外卖被送餐人员送到C栋楼下了，不忍心你饿肚子，快去拿吧 ​​​	5	2	2017-02-21 21:57    
0.509	0.0	0.0	0.0	0.0	0.0	0.0	0.0	0.0	0.0	0.0	0.0	0.0	0.0	0.0	0.0	0.032	0.0	0.0	0.032	0.0	0.0	0.0	0.0	0.0	0.0	0.0	0.0	0.0	0.0

求师兄师姐告知规陪相关事宜 ​​​	3	10	2017-02-17 21:37    
0.509	0.0	0.0	0.0	0.086	0.0	0.0	0.07	0.0	0.0	0.0	0.0	0.0	0.0	0.0	0.0	0.0	0.0	0.0	0.0	0.0	0.0	0.0	0.0	0.0	0.0	0.0	0.0	0.0	0.0

你最理想的爱情大概是这样：枯藤老树昏鸦，晚饭有鱼有虾，空调WiFi西瓜，夕阳西下，你丑，没事...我瞎... ​​​	27	2	2017-02-17 16:37    
0.509	0.0	0.0	0.0	0.0	0.0	0.0	0.0	0.0	0.0	0.0	0.0	0.0	0.0	0.0	0.0	0.0	0.0	0.0	0.0	0.0	0.0	0.0	0.0	0.0	0.0	0.0	0.0	0.0	0.0

有没有14外国语的师弟师妹要考研广外或者中大的？之前打印了一些真题和复习资料，没做过的，免费送～ ​​​	3	5	2017-02-17 18:08    
0.509	0.0	0.0	0.086	0.0	0.0	0.0	0.0	0.0	0.0	0.0	0.0	0.0	0.0	0.0	0.0	0.0	0.0	0.0	0.0	0.0	0.0	0.0	0.0	0.0	0.0	0.0	0.0	0.0	0.0

考研结束的学霸师兄师姐们，有书想出售吗？——18年考研师妹 ​​​	2	3	2017-02-16 12:06    
0.509	0.0	0.0	0.086	0.086	0.0	0.0	0.07	0.0	0.0	0.0	0.0	0.0	0.0	0.0	0.0	0.0	0.0	0.0	0.0	0.0	0.0	0.0	0.0	0.0	0.0	0.0	0.0	0.027	0.0

这次考研分数考了三百分，大家觉得则么样，我是中药学院的 ​​​	2	6	2017-02-15 20:19    
0.509	0.0	0.0	0.086	0.0	0.0	0.0	0.0	0.0	0.0	0.0	0.0	0.0	0.0	0.0	0.0	0.0	0.0	0.0	0.0	0.0	0.0	0.0	0.0	0.0	0.0	0.0	0.0	0.0	0.0

很紧张，自从考研成绩出了后就很紧张，虽然我是18年考研的，但是因为对要考的专业的考试要求不了解，对报考同一专业的竞争者数量的紧张，虽然准备报的学校不是985，但还是好紧张，但是还要加油的，不可以放弃 ​​​	15	2	2017-02-15 18:43    
0.509	0.0	0.0	0.086	0.0	0.0	0.0	0.0	0.0	0.0	0.0	0.0	0.0	0.0	0.0	0.0	0.0	0.0	0.0	0.0	0.0	0.032	0.032	0.0	0.0	0.0	0.0	0.0	0.027	0.0

正经事，有没有人想买2018新东方考研英语跟政治的网课的？单人买有点贵，有人想合用吗？听说效果还很不错的。晚上找旧资源的话，感觉不够新。 ​​​	3	54	2017-02-06 21:04    
0.509	0.0	0.0	0.086	0.0	0.0	0.0	0.0	0.0	0.0	0.0	0.0	0.0	0.0	0.038	0.0	0.0	0.0	0.032	0.0	0.032	0.0	0.0	0.0	0.0	0.0	0.0	0.0	0.0	0.0

我是考完研出平板的那个，该平板跟师兄买的，成色与年份十分老，但屏幕机身保存完好，非考研的不需要考虑了，亲测只能看视频，其他无法使用，因为会卡，当MP4使用还是蛮不错的，能支持连续看4或5个小时左右的视频。师兄已是研究生，我不愿调剂，望下任主任成功，诚意出，200可刀，大学城面交。 ​​​	2	2	2017-02-24 12:41    
0.509	0.0	0.0	0.086	0.086	0.0	0.0	0.0	0.0	0.0	0.038	0.0	0.0	0.0	0.038	0.0	0.0	0.0	0.0	0.0	0.0	0.0	0.032	0.032	0.0	0.0	0.0	0.0	0.0	0.0

晨读班的师弟师妹真的不用来我们大四狗这儿宣传了，就算来也别到处乱走乱看好吗，或者口语说好听点好吧，只是快而已那在我们这儿装逼是很失败的，还有作为一名师兄是真的不太想看师弟卖萌咯，最关键的是，你们晨读的时候我们已经在上班的路上了。 ​​​	4	5	2017-02-24 00:02    
0.509	0.0	0.0	0.0	0.086	0.0	0.0	0.0	0.0	0.0	0.0	0.0	0.0	0.0	0.0	0.0	0.0	0.0	0.0	0.0	0.0	0.0	0.0	0.0	0.0	0.0	0.0	0.0	0.0	0.0

想好好静下心来学习，有没有小伙伴一起互相督促相互进步一起泡图书馆的 ​​​	6	6	2017-02-26 23:34    
0.509	0.0	0.0	0.0	0.0	0.0	0.0	0.0	0.0	0.0	0.0	0.0	0.0	0.038	0.0	0.0	0.0	0.0	0.0	0.0	0.0	0.0	0.0	0.0	0.0	0.0	0.0	0.0	0.0	0.0

有人想一起去图书馆学习，一起运动嘛？本人女。有的评论私聊 ​​​	4	15	2017-02-27 00:29    
0.509	0.0	0.0	0.0	0.0	0.0	0.081	0.0	0.0	0.0	0.0	0.0	0.0	0.038	0.0	0.0	0.0	0.0	0.032	0.0	0.0	0.0	0.0	0.0	0.0	0.0	0.0	0.0	0.0	0.0

邱泽豪师兄，你的六级成绩报告还要吗？买到你的书，发现它被夹在书里了。有认识的人帮忙联系一下，谢谢。 ​​​	3	4	2017-03-03 12:13
0.509	0.0	0.0	0.0	0.086	0.0	0.0	0.0	0.0	0.0	0.0	0.0	0.0	0.0	0.0	0.0	0.0	0.0	0.0	0.0	0.0	0.0	0.0	0.0	0.0	0.0	0.0	0.0	0.0	0.0

各位有没有普通话考试资料出啊[惊恐] ​​​	2	5	2017-03-01 22:41    
0.509	0.0	0.0	0.0	0.0	0.0	0.0	0.0	0.0	0.0	0.0	0.0	0.0	0.0	0.0	0.0	0.0	0.0	0.0	0.0	0.0	0.0	0.032	0.0	0.0	0.0	0.0	0.0	0.0	0.0

有没考完研的师兄师姐出恋恋有词的，求收购 ​​​	2	4	2017-02-27 23:01    
0.509	0.0	0.0	0.0	0.086	0.0	0.0	0.07	0.0	0.0	0.0	0.0	0.0	0.0	0.0	0.0	0.0	0.0	0.0	0.0	0.0	0.0	0.032	0.0	0.0	0.0	0.0	0.0	0.0	0.0

大四毕业生，身高180，身材健壮，爱运动，动漫，游戏，半宅男，颜值过得去，取得了国外研究生的录取，计划回国，精通普通话粤语，英文交流没问题，广州户口，有房，回来就有车，希望找到喜欢游戏和运动，会说粤语168以上性格阳光善良颜值7分+有意考研或者公务员的另一半。。有意点赞摸摸哒 ​​​	7	16	2017-03-03 17:19    
0.509	0.0	0.0	0.086	0.0	0.0	0.0	0.0	0.0	0.054	0.038	0.038	0.0	0.0	0.0	0.0	0.0	0.032	0.0	0.0	0.0	0.0	0.0	0.0	0.0	0.027	0.027	0.0	0.0	0.027

考研资料整箱50出有人要吗？[疑问][疑问]有英语，政治，还有中药学的一些习题册等，可以上门看再决定要不要！坐标B309！电话：13246801357 ​​​	2	2	2017-03-05 16:46    
0.509	0.0	0.0	0.086	0.0	0.0	0.0	0.0	0.0	0.0	0.0	0.0	0.0	0.0	0.0	0.0	0.0	0.0	0.0	0.0	0.032	0.0	0.0	0.0	0.0	0.0	0.0	0.0	0.0	0.0

想知道学校图书馆是抽了什么筋 那么长的假期都不施工 开学来了就施工 先拆自修室103 现在又要封104了 反正就是不给我们活路咯 （摊手） ​​​	2	3	2017-03-05 16:41    
0.509	0.0	0.0	0.0	0.0	0.0	0.0	0.0	0.0	0.0	0.0	0.0	0.0	0.038	0.0	0.0	0.0	0.0	0.0	0.0	0.0	0.032	0.0	0.0	0.0	0.0	0.0	0.0	0.0	0.0

想问一下各位师兄师姐，毕业论文是只要写了交上去就可以完事了吗？还是说要评分的？会不通过的吗？ ​​​	3	3	2017-03-06 13:54    
0.509	0.0	0.0	0.0	0.086	0.0	0.0	0.07	0.0	0.0	0.0	0.0	0.0	0.0	0.0	0.0	0.0	0.0	0.0	0.0	0.0	0.0	0.0	0.0	0.0	0.0	0.0	0.0	0.0	0.0

自修室104明天封，大家今晚都把书拿回去吧:)，以后就只能去图书馆备战考研了，搞不清楚为什么不放假装修=.= ​​​	2	4	2017-03-05 20:34    
0.509	0.0	0.0	0.086	0.0	0.0	0.0	0.0	0.0	0.0	0.0	0.0	0.0	0.038	0.0	0.0	0.0	0.0	0.0	0.0	0.0	0.0	0.0	0.0	0.0	0.0	0.0	0.0	0.0	0.0

全新何凯文2018考研英语长难句解密 5块出 有人要么 ​​​	2	7	2017-03-12 20:11    
0.509	0.0	0.0	0.086	0.0	0.0	0.0	0.0	0.0	0.0	0.0	0.0	0.0	0.0	0.0	0.0	0.0	0.0	0.032	0.0	0.032	0.0	0.032	0.0	0.0	0.0	0.0	0.0	0.0	0.0

【新生收购书】请问师兄师姐有这些书吗~如果可以卖的师兄师姐微博评论下，感谢！！ ​​​	2	10	2017-03-15 14:10    
0.509	0.0	0.0	0.0	0.086	0.0	0.081	0.07	0.054	0.0	0.0	0.0	0.0	0.0	0.0	0.0	0.0	0.0	0.0	0.0	0.0	0.0	0.0	0.0	0.0	0.0	0.0	0.0	0.0	0.0

这两个女的，图书馆是你家呀，一大堆人在看书，你们两聊得不亦乐乎。说一会就好了。你们还聊上了。一个多小时了 ​​​	7	3	2017-03-13 17:01    
0.509	0.0	0.0	0.0	0.0	0.0	0.0	0.0	0.0	0.0	0.0	0.0	0.0	0.038	0.0	0.0	0.0	0.0	0.0	0.0	0.0	0.0	0.0	0.0	0.0	0.0	0.0	0.0	0.0	0.0

想问有多少人想报四级没有报成功[脸红]？现在除大一新生外，其它报考四级的名额受到四百人限制！且不说每学期大家都要去抢那少得可怜的名额，学校有没有这个权利限制我们报考四级！学校也知道四级考试对我们有多重要！想问学校有没有权利限制我们报考四级还是为了四级通过率不顾学生限制了四级报考人数！ ​​​	40	28	2017-03-11 11:42    
0.509	0.0	0.0	0.0	0.0	0.0	0.0	0.0	0.0	0.0	0.0	0.0	0.0	0.0	0.0	0.0	0.0	0.0	0.0	0.0	0.0	0.032	0.0	0.0	0.0	0.0	0.0	0.0	0.0	0.0

出17年中综傲视宝典、肖秀荣（精讲精练、1000题、讲真题、八套卷、四套卷、时事政治）、恋练有词、考研英语高分写作等，有人要吗[害羞][害羞][害羞] ​​​	2	5	2017-03-12 11:03    
0.509	0.0	0.0	0.086	0.0	0.0	0.0	0.0	0.0	0.0	0.0	0.0	0.0	0.0	0.0	0.0	0.0	0.0	0.032	0.0	0.032	0.0	0.032	0.0	0.0	0.0	0.0	0.0	0.027	0.0

人渣配人渣，垃圾配垃圾——致在图书馆嘀咕聊天的情侣[鄙视][鄙视][鄙视][鄙视] ​​​	5	3	2017-03-11 16:16    
0.509	0.0	0.0	0.0	0.0	0.0	0.0	0.0	0.0	0.0	0.0	0.0	0.0	0.038	0.0	0.0	0.0	0.0	0.0	0.0	0.0	0.0	0.0	0.0	0.0	0.0	0.0	0.0	0.0	0.0

有没有2018年考研的小伙伴，并且落了单，评论一下，我和你一起去泡自习室呀，感觉一个人好难坚持啊，如果住在l和m栋这边那便是最好了[可怜] ​​​	2	11	2017-03-09 18:39    
0.509	0.0	0.0	0.086	0.0	0.0	0.081	0.0	0.0	0.0	0.0	0.0	0.0	0.0	0.0	0.0	0.0	0.0	0.0	0.032	0.0	0.0	0.0	0.0	0.0	0.0	0.0	0.0	0.027	0.0

大四师兄清衣柜，90元9条屁屁叉，保证买的时候每条都在一百元以上。 ​​​	2	3	2017-03-09 13:42    
0.509	0.0	0.0	0.0	0.086	0.0	0.0	0.0	0.0	0.0	0.0	0.0	0.0	0.0	0.038	0.0	0.0	0.0	0.0	0.0	0.0	0.0	0.0	0.0	0.0	0.0	0.0	0.0	0.0	0.0

哪位师兄师姐有翻墙VPN？windows 版的，有的话麻烦请发到学妹邮箱～276289841@qq. com，谢谢啦！ ​​​	2	3	2017-03-17 22:18    
0.509	0.0	0.0	0.0	0.086	0.0	0.0	0.07	0.0	0.0	0.0	0.0	0.0	0.0	0.0	0.0	0.0	0.0	0.0	0.0	0.0	0.0	0.0	0.0	0.0	0.0	0.0	0.0	0.0	0.0

在图书馆要联系方式会不会很唐突  ​​​	3	5	2017-03-29 14:45    
0.509	0.0	0.0	0.0	0.0	0.0	0.0	0.0	0.0	0.0	0.0	0.0	0.0	0.038	0.0	0.0	0.0	0.0	0.0	0.0	0.0	0.0	0.0	0.0	0.0	0.0	0.0	0.0	0.0	0.0

出考研英语政治资料，有需要的可评论，价格合适即可。 ​​​	2	2	2017-03-30 10:49    
0.509	0.0	0.0	0.086	0.0	0.0	0.081	0.0	0.0	0.0	0.0	0.0	0.0	0.0	0.0	0.0	0.0	0.0	0.0	0.0	0.032	0.0	0.032	0.0	0.0	0.0	0.0	0.0	0.0	0.0

看着身边的你们一对对甜甜蜜蜜在一起，压力大时一起出去走走玩一玩，回来收心投入考研一起努力时，真心为你们开心呢！你们一定要好好的，都好好的。 ​​​	12	3	2017-04-06 01:04    
0.509	0.0	0.0	0.086	0.0	0.0	0.0	0.0	0.0	0.0	0.0	0.0	0.0	0.0	0.0	0.0	0.0	0.0	0.0	0.0	0.0	0.0	0.0	0.0	0.0	0.0	0.0	0.0	0.0	0.0

学校到底什么时候才开空调 热死人了! ​​​	3	2	2017-04-09 12:11    
0.509	0.0	0.0	0.0	0.0	0.0	0.0	0.0	0.0	0.0	0.0	0.0	0.0	0.0	0.0	0.0	0.0	0.0	0.0	0.0	0.0	0.032	0.0	0.0	0.0	0.0	0.0	0.0	0.0	0.0

真的要热死了 空调是放在那玩的吗？ 广州的气温是骗人的吗？ 蚊子又多晚上还那么热  到底怎么样才能开空调啊！ ​​​	3	2	2017-04-10 01:01    
0.509	0.0	0.0	0.0	0.0	0.0	0.0	0.0	0.0	0.0	0.0	0.0	0.0	0.0	0.0	0.0	0.0	0.032	0.0	0.0	0.0	0.0	0.0	0.0	0.0	0.0	0.0	0.0	0.0	0.0

在图书馆学习的我，没空调学习了一个多小时，然后就。。。内衣全湿了？？？他妈到底什么时候开空调？？？ ​​​	2	3	2017-04-10 10:13    
0.509	0.0	0.0	0.0	0.0	0.0	0.0	0.0	0.0	0.0	0.0	0.0	0.0	0.038	0.0	0.0	0.0	0.0	0.0	0.0	0.0	0.0	0.0	0.0	0.0	0.0	0.0	0.0	0.0	0.0

这么热还没空调[悲伤]难道广中医的空调都要喊吗 ​​​	4	5	2017-04-09 23:38    
0.509	0.0	0.0	0.0	0.0	0.0	0.0	0.0	0.0	0.0	0.0	0.0	0.0	0.0	0.0	0.0	0.0	0.0	0.0	0.0	0.0	0.0	0.0	0.0	0.0	0.0	0.0	0.0	0.0	0.0

