老实讲，男生是不是会同时撩几个人，追几个人？然后谁答应就跟谁一起呢？有没有只追一个的？ ​​​	5	18	2017-02-14 06:55    
0.579	0.0	0.0	0.0	0.115	0.0	0.0	0.0	0.0	0.0	0.0	0.0	0.0	0.0	0.0	0.0	0.0	0.0	0.0	0.0	0.0	0.0	0.0	0.0	0.0	0.0	0.0	0.0	0.0	0.0

想知道15护理的马晴有没有男朋友 ​​​	2	7	2017-02-14 17:57    
0.579	0.0	0.0	0.0	0.0	0.09	0.0	0.0	0.0	0.0	0.0	0.0	0.0	0.0	0.0	0.0	0.0	0.0	0.0	0.0	0.0	0.0	0.0	0.0	0.0	0.0	0.0	0.0	0.0	0.0

哼。好听的难听的我都说了出来，破罐子破摔。最后，他依然觉得我可爱。不冷战了，不分手了，情人节快乐/:rose ​​​	6	3	2017-02-14 01:19    
0.579	0.0	0.0	0.0	0.0	0.0	0.066	0.0	0.0	0.0	0.0	0.0	0.0	0.0	0.0	0.0	0.0	0.0	0.0	0.0	0.0	0.0	0.0	0.0	0.0	0.0	0.0	0.0	0.0	0.0

问i栋一个问题被我表白过一次的男生  高中隔壁班 当时把我想成了另一个人答案肯定是拒绝  现在他知道我是谁了  也和我说了  我现在可以和他说话吗或者是表白呢  虽然我知道最坏应该是他厌烦我  但是还有没有一点点成功的几率呢 ​​​	3	6	2017-02-14 22:55    
0.579	0.0	0.0	0.0	0.115	0.0	0.0	0.0	0.0	0.0	0.0	0.0	0.0	0.033	0.0	0.0	0.0	0.0	0.0	0.0	0.0	0.029	0.0	0.0	0.0	0.0	0.0	0.021	0.0	0.0

高中的时候就和前任在一起了，那时关系比较好的几个朋友也是我和他的共同好友，后来因为他劈腿我们分手了，我和那些高中朋友之间的关系也变得很尴尬。他们可能不了解我和他之间发生了什么，却都选择了站在他那边。今晚看到他们都发了在同一个地方看烟花的朋友圈，很难过，原来只有我是孤零零的一个人。 ​​​	6	7	2017-02-15 00:52    
0.579	0.0	0.0	0.0	0.0	0.0	0.066	0.053	0.0	0.0	0.0	0.0	0.0	0.0	0.0	0.0	0.0	0.0	0.0	0.0	0.029	0.0	0.0	0.0	0.025	0.0	0.0	0.0	0.0	0.0

男朋友不在身边不能过节，他说过几天好好补偿你，我怎么听着有点怕怕的[捂脸] ​​​	3	8	2017-02-14 22:27    
0.579	0.0	0.0	0.0	0.0	0.09	0.0	0.0	0.0	0.0	0.0	0.0	0.0	0.0	0.0	0.0	0.0	0.0	0.0	0.0	0.0	0.0	0.0	0.0	0.0	0.0	0.0	0.0	0.0	0.0

请问你们都是怎么度过恋情困难期的。我感觉我和他走不下去了，所以提了分手，他说让我冷静两天再说……我现在心好乱，不知道怎么办[鼻涕]其实之前已经提过一次，一天不到我就回头了，但这次，我思考了很久很久……（请别随意说劝分不劝和了，有经验的同学麻烦帮帮我[悲伤]） ​​​	4	14	2017-02-12 19:51    
0.579	0.0	0.0	0.0	0.0	0.0	0.066	0.0	0.045	0.0	0.0	0.0	0.0	0.0	0.0	0.0	0.0	0.0	0.0	0.0	0.0	0.0	0.0	0.0	0.0	0.0	0.025	0.0	0.0	0.0

难得碰到有兴趣的男生，发现自己不会也不敢撩。。。。 ​​​	2	11	2017-02-07 09:31    
0.579	0.0	0.0	0.0	0.115	0.0	0.0	0.0	0.0	0.0	0.0	0.0	0.0	0.0	0.0	0.0	0.0	0.0	0.0	0.0	0.0	0.0	0.0	0.0	0.0	0.0	0.0	0.0	0.0	0.0

好想找个粘我的男朋友[生病] ​​​	4	17	2017-02-03 23:47    
0.579	0.0	0.0	0.0	0.0	0.09	0.0	0.0	0.0	0.0	0.0	0.0	0.0	0.0	0.0	0.0	0.0	0.0	0.0	0.0	0.0	0.0	0.0	0.0	0.0	0.0	0.0	0.0	0.0	0.0

每每想起前任对我做过的事就恨得咬牙切齿，现在最庆幸的就是分了，对这种用冷暴力逼女的提分手的辣鸡渣男真想祝他天天开心，kao ​​​	8	6	2017-02-03 00:21    
0.579	0.0	0.0	0.0	0.0	0.0	0.066	0.0	0.0	0.0	0.0	0.0	0.0	0.0	0.0	0.0	0.0	0.0	0.0	0.0	0.029	0.0	0.0	0.0	0.0	0.0	0.0	0.0	0.0	0.021

身高一五三左右，可爱型（长相）逗比型（周围人评价），想找一个学霸男票今年带我飞，一起泡馆，一起自习，一起看星星，不发脾气不黏人 ​​​	7	15	2017-02-02 22:26    
0.579	0.0	0.0	0.0	0.0	0.0	0.0	0.0	0.0	0.0	0.0	0.0	0.0	0.0	0.0	0.0	0.0	0.0	0.0	0.029	0.0	0.0	0.0	0.0	0.0	0.025	0.0	0.0	0.0	0.0

有个男生最近经常隔一天找我一次（有时凌晨有时白天），每次都说一些无关紧要的事，应了他之后又隔很久才回我，每次聊天都只说一两句话就没了，想问一下这个男生是怎么了？纠结了好久都没理清头绪。 ​​​	4	9	2017-02-03 01:55    
0.579	0.0	0.0	0.0	0.115	0.0	0.0	0.0	0.0	0.0	0.0	0.0	0.0	0.0	0.0	0.0	0.0	0.0	0.029	0.0	0.0	0.0	0.0	0.0	0.0	0.0	0.0	0.0	0.0	0.021

比起找男朋友，更想抽到ssr[捂脸] ​​​	9	10	2017-02-01 00:35    
0.579	0.0	0.0	0.0	0.0	0.09	0.0	0.0	0.0	0.0	0.0	0.0	0.0	0.0	0.0	0.0	0.0	0.0	0.0	0.0	0.0	0.0	0.0	0.0	0.0	0.0	0.0	0.0	0.0	0.0

男生是不是不容易忘了初恋[汗] ​​​	2	17	2017-01-31 09:32    
0.579	0.0	0.0	0.0	0.115	0.0	0.0	0.0	0.0	0.0	0.0	0.0	0.0	0.0	0.0	0.0	0.0	0.0	0.0	0.0	0.0	0.0	0.0	0.0	0.0	0.0	0.0	0.0	0.0	0.0

跟竹马聊的比男朋友还多，正常吗 ​​​	2	6	2017-01-30 22:13    
0.579	0.0	0.0	0.0	0.0	0.09	0.0	0.0	0.0	0.0	0.0	0.0	0.0	0.0	0.0	0.0	0.0	0.0	0.0	0.0	0.0	0.0	0.0	0.0	0.0	0.0	0.0	0.0	0.0	0.0

我觉得男人帅没什么用，反正在我这里是这样。我对男生帅不帅无所谓，我觉得男生重要的是内在和财力，跟帅一点关系都没有。 ​​​	4	15	2017-01-31 18:09    
0.579	0.0	0.0	0.0	0.115	0.0	0.0	0.0	0.0	0.0	0.0	0.0	0.0	0.0	0.0	0.0	0.0	0.0	0.0	0.0	0.0	0.0	0.0	0.0	0.0	0.0	0.0	0.0	0.0	0.0

单身久了，哎。。。前任太好，现在看到男生都和他比较，比较后觉得还是前任好啊[大哭] ​​​	7	9	2017-02-21 23:59    
0.579	0.0	0.0	0.0	0.115	0.0	0.0	0.0	0.0	0.0	0.0	0.0	0.0	0.0	0.0	0.0	0.0	0.0	0.0	0.0	0.029	0.0	0.025	0.0	0.0	0.0	0.0	0.0	0.0	0.0

分手之后我把他删掉，过了一会后悔了，又重新加了回来，他还不来主动找我，好气哦，我又把他拉黑，三天之后忍不住又从黑名单中移了出来。然而这些他都不知道，因为他再也没找过我。[呵呵] [呵呵] ​​​	2	10	2017-02-21 23:32    
0.579	0.0	0.0	0.0	0.0	0.0	0.066	0.0	0.0	0.0	0.0	0.0	0.0	0.0	0.0	0.0	0.0	0.0	0.0	0.0	0.0	0.0	0.0	0.0	0.0	0.0	0.0	0.0	0.021	0.0

想认识运动的男生  你在哪？我在三元里 ​​​	4	16	2017-02-21 21:46    
0.579	0.0	0.0	0.0	0.115	0.0	0.0	0.0	0.0	0.0	0.0	0.0	0.0	0.0	0.0	0.0	0.0	0.0	0.0	0.0	0.0	0.0	0.0	0.0	0.0	0.0	0.0	0.0	0.0	0.0

想认识运动的男生，你在哪？我在大学城 ​​​	7	18	2017-02-21 22:12    
0.579	0.0	0.0	0.0	0.115	0.0	0.0	0.0	0.0	0.0	0.0	0.0	0.0	0.0	0.0	0.0	0.0	0.0	0.0	0.0	0.0	0.0	0.0	0.0	0.0	0.0	0.0	0.0	0.0	0.0

很多男生都说跟我一起玩很开心，很轻松，可是我一直没有找到一个让我很开心，很轻松的人。其实开不开心是靠自己的，友情爱情都只是锦上添花 ​​​	11	7	2017-02-21 22:04    
0.579	0.0	0.0	0.0	0.115	0.0	0.0	0.0	0.0	0.041	0.0	0.0	0.0	0.0	0.0	0.0	0.0	0.0	0.0	0.0	0.0	0.0	0.0	0.0	0.0	0.0	0.0	0.0	0.0	0.0

跟前度分手之后 还会想着前度 可能是突然没有了一个依赖的寄托吧 尽管是因为吵架分开的 时间久了  只会想到当时两个人开心的时候 会怀念起来 其实你还没谈恋爱的时候 自己一个人也是过的好好的   就是一旦谈过恋爱 就像一个人不能自己过一样 谈恋爱有毒 请谨慎啊 ​​​	9	4	2017-02-20 00:18    
0.579	0.0	0.0	0.0	0.0	0.0	0.066	0.0	0.0	0.041	0.0	0.0	0.0	0.0	0.0	0.0	0.0	0.0	0.0	0.0	0.0	0.0	0.0	0.0	0.0	0.0	0.0	0.0	0.0	0.0

睡不着，有人聊天不？想知道你们对于“EX”有什么看法？我觉得反正都分手了，各过各的，各自安好不就得了，所谓的破镜难重圆，即便重圆了还是有裂痕在，难道你心里就真的不介意？所以呢？为啥在意那么多呢？单身也挺好的，每天该吃吃该喝喝的其实也挺自在的。 ​​​	4	9	2017-02-20 00:32    
0.579	0.0	0.0	0.0	0.0	0.0	0.066	0.0	0.0	0.0	0.0	0.0	0.0	0.0	0.0	0.0	0.0	0.0	0.029	0.0	0.0	0.0	0.025	0.0	0.0	0.0	0.0	0.0	0.0	0.0

男票爸爸重病，断了经济来源还要一大笔医药费，男票说可能不读完医直接去考公务员直接去干活，我好伤心啊，这样子我和他肯定会分开的，不过现在的我到底可以为他做些什么 ​​​	2	18	2017-02-18 00:15    
0.579	0.0	0.0	0.0	0.0	0.0	0.0	0.0	0.0	0.0	0.0	0.0	0.0	0.0	0.0	0.0	0.0	0.0	0.0	0.0	0.0	0.0	0.0	0.0	0.0	0.025	0.0	0.0	0.0	0.0

路边被男生搭讪，你们是什么反应？ ​​​	2	18	2017-02-16 17:25    
0.579	0.0	0.0	0.0	0.115	0.0	0.0	0.0	0.0	0.0	0.0	0.0	0.0	0.0	0.0	0.0	0.0	0.0	0.0	0.0	0.0	0.0	0.0	0.0	0.0	0.0	0.0	0.0	0.0	0.0

问情感问题的，我之前问过一次，洞友都说分，后来和男朋友谈心之后才知道他的想法，现在好好的。所以这里的回答听听就好，应该你们两个人深入交流解决问题，而不是乱猜乱想。 ​​​	3	11	2017-02-12 21:33    
0.579	0.0	0.0	0.0	0.0	0.09	0.0	0.0	0.0	0.0	0.0	0.0	0.0	0.0	0.0	0.0	0.0	0.0	0.0	0.0	0.0	0.029	0.0	0.0	0.0	0.0	0.0	0.0	0.0	0.0

单身两年了，现在回家过年聚会朋友都带着男朋友秀恩爱了，哎。。 ​​​	6	11	2017-02-01 09:41    
0.579	0.0	0.0	0.0	0.0	0.09	0.0	0.053	0.0	0.0	0.0	0.0	0.0	0.0	0.0	0.0	0.0	0.0	0.0	0.0	0.0	0.0	0.025	0.0	0.0	0.0	0.0	0.0	0.0	0.0

在爱情和亲情面前，究竟该如何选择。男朋友家距离我家十几个小时，家境不是很好，比我家差挺多，不过他人很积极上进乐观，我们的感情算不愠不火那种。这次回家过年家里人反复说不要嫁那么远不然不要我了。现在很心烦不知道怎么办，好像想嫁他的哪个心变了～但就算以后觉得不会嫁他也不舍得分手…求看法 ​​​	3	17	2017-02-02 00:03    
0.579	0.0	0.0	0.0	0.0	0.09	0.066	0.0	0.0	0.0	0.0	0.0	0.0	0.0	0.0	0.0	0.029	0.0	0.0	0.0	0.0	0.0	0.0	0.025	0.0	0.0	0.0	0.0	0.0	0.0

如何让异地结束吵架，男朋友从来不主动，可是又好想念。每次这样都有分手的冲动。[熊猫] ​​​	6	8	2017-01-31 00:35    
0.579	0.0	0.0	0.0	0.0	0.09	0.066	0.0	0.0	0.0	0.0	0.0	0.0	0.0	0.0	0.0	0.0	0.0	0.0	0.0	0.0	0.0	0.0	0.0	0.0	0.0	0.0	0.0	0.021	0.0

听男生呻吟会yy，怎么办 ​​​	2	15	2017-02-01 23:57    
0.579	0.0	0.0	0.0	0.115	0.0	0.0	0.0	0.0	0.0	0.0	0.0	0.0	0.0	0.0	0.0	0.0	0.0	0.0	0.0	0.0	0.0	0.0	0.0	0.0	0.0	0.0	0.0	0.0	0.0

今天最后一次找前男友聊天了，聊完就删了，过了今晚明年我不会再和你有半点关系，要对得起现在的男朋友，不会再找你了，下定决心了，从此不再有任何联系，只想一心一意爱我的现任男友 ​​​	6	5	2017-01-27 20:26    
0.579	0.0	0.0	0.0	0.0	0.09	0.0	0.0	0.0	0.0	0.0	0.0	0.0	0.0	0.0	0.0	0.0	0.0	0.029	0.0	0.0	0.0	0.0	0.0	0.0	0.0	0.0	0.0	0.0	0.0

断断续续交往六年，一直憧憬着我们的未来，无数次幻想我们婚后的日子，今天男朋友却跟我说我们不会有结果，我们到最后不可能结婚， 这个他早就知道。 ​​​	5	16	2017-01-27 15:09    
0.579	0.0	0.0	0.0	0.0	0.09	0.0	0.0	0.0	0.0	0.0	0.0	0.0	0.0	0.0	0.0	0.0	0.0	0.0	0.0	0.0	0.0	0.0	0.0	0.0	0.0	0.0	0.0	0.0	0.0

男朋友把扫到的福给我了，最后我给他买了个福，我和我姐我哥都集齐了我妈没有，因为不想到时候我们都在抢红包而我妈没有，所以也买了个给她。虽然红包不大，但是大家都挺开心的。觉得很满足。 ​​​	41	5	2017-01-28 00:30    
0.579	0.0	0.0	0.0	0.0	0.09	0.0	0.0	0.0	0.041	0.0	0.0	0.0	0.0	0.0	0.0	0.0	0.0	0.0	0.0	0.0	0.0	0.0	0.0	0.0	0.0	0.0	0.0	0.0	0.0

男朋友突然把朋友圈秀恩爱的照片删了，应该是加了家里的亲戚怕他们看见吧 ​​​	5	9	2017-01-29 17:44    
0.579	0.0	0.0	0.0	0.0	0.09	0.0	0.0	0.0	0.0	0.0	0.0	0.0	0.0	0.0	0.0	0.0	0.0	0.0	0.0	0.0	0.0	0.0	0.0	0.0	0.0	0.0	0.0	0.0	0.0

什么都想尝试的好奇女，然后奉献了自己的小菊花，一开始挺疼的，后来觉得不是特别疼，也没有快感，没多久就让男票拔出来了，这种重口的事做一次满足一下好奇心就够啦哈哈哈 ​​​	4	12	2017-02-24 23:51    
0.579	0.0	0.0	0.0	0.0	0.0	0.0	0.0	0.0	0.0	0.0	0.0	0.0	0.0	0.0	0.0	0.0	0.0	0.0	0.0	0.0	0.0	0.0	0.0	0.0	0.025	0.0	0.0	0.0	0.021

我的男朋友～大概就是左先生，只能谈恋爱，不能结婚。最近觉得挺失落得…… ​​​	2	4	2017-03-02 00:11    
0.579	0.0	0.0	0.0	0.0	0.09	0.0	0.0	0.0	0.0	0.0	0.0	0.0	0.0	0.0	0.0	0.0	0.0	0.0	0.0	0.0	0.0	0.0	0.0	0.0	0.0	0.0	0.0	0.0	0.0

咿呀，送个男朋友给你要不要呀  ​​​	4	4	2017-02-27 00:49    
0.579	0.0	0.0	0.0	0.0	0.09	0.0	0.0	0.0	0.0	0.0	0.0	0.0	0.0	0.0	0.0	0.0	0.0	0.0	0.0	0.0	0.0	0.0	0.0	0.0	0.0	0.0	0.0	0.0	0.0

冲动地向一个男生告白了 他问我能不能做普通朋友 我能说不行吗 这辈子不会再遇到第二个他了 斯人若彩虹 遇上方知有 ​​​	3	21	2017-03-13 10:19    
0.579	0.0	0.0	0.0	0.115	0.0	0.0	0.053	0.0	0.0	0.0	0.0	0.0	0.0	0.0	0.0	0.0	0.0	0.0	0.0	0.0	0.029	0.0	0.0	0.0	0.0	0.0	0.0	0.0	0.0

如果我男朋友在女生节有给班里女同学送礼（哪怕是班级组织）而没有送我的话，我真是会超级不开心的。 ​​​	5	3	2017-03-08 18:01    
0.579	0.0	0.0	0.0	0.0	0.09	0.0	0.0	0.0	0.041	0.0	0.0	0.0	0.0	0.0	0.0	0.0	0.0	0.0	0.0	0.0	0.0	0.0	0.0	0.0	0.0	0.0	0.0	0.0	0.0

第一个跟我告白的男生我到现在都不知道他是谁，第二个被我冷跑了。我可能要孤独终老了_(:з」∠)_ ​​​	3	8	2017-03-12 20:40    
0.579	0.0	0.0	0.0	0.115	0.0	0.0	0.0	0.0	0.0	0.0	0.0	0.0	0.0	0.0	0.0	0.0	0.0	0.0	0.0	0.0	0.0	0.0	0.0	0.0	0.0	0.0	0.0	0.0	0.0

知道分手后，你不难过，你比从前快乐，那祝福的话，叫我如何能够说的出口，过往的欢乐，是否褪色，想问你怎么舍得，不要在耳边，再说你会想我 ​​​	2	3	2017-03-13 16:37    
0.579	0.0	0.0	0.0	0.0	0.0	0.066	0.0	0.0	0.0	0.0	0.0	0.0	0.0	0.0	0.0	0.0	0.0	0.0	0.0	0.0	0.0	0.0	0.0	0.0	0.0	0.0	0.0	0.0	0.0

这种天气适合分手？ ​​​	7	2	2017-03-11 12:35    
0.579	0.0	0.0	0.0	0.0	0.0	0.066	0.0	0.0	0.0	0.0	0.0	0.0	0.0	0.0	0.0	0.0	0.0	0.0	0.0	0.0	0.0	0.0	0.0	0.0	0.0	0.0	0.0	0.0	0.0

我男朋友和我说，是个男人到陌生的地方都会打开附近的人看看……滚！ ​​​	2	22	2017-03-16 23:44    
0.579	0.0	0.0	0.0	0.0	0.09	0.0	0.0	0.0	0.0	0.0	0.0	0.0	0.0	0.0	0.0	0.0	0.0	0.0	0.0	0.0	0.0	0.0	0.0	0.0	0.0	0.0	0.0	0.0	0.0

15中制的陈岱琪有男朋友吗。。。 ​​​	3	5	2017-03-04 16:34    
0.579	0.0	0.0	0.0	0.0	0.09	0.0	0.0	0.0	0.0	0.0	0.0	0.0	0.0	0.0	0.0	0.0	0.0	0.0	0.0	0.0	0.0	0.0	0.0	0.0	0.0	0.0	0.0	0.0	0.0

“你长成这样怎么会没男朋友”我…… ​​​	3	9	2017-03-04 16:26    
0.579	0.0	0.0	0.0	0.0	0.09	0.0	0.0	0.0	0.0	0.0	0.0	0.0	0.0	0.0	0.0	0.0	0.0	0.0	0.0	0.0	0.0	0.0	0.0	0.0	0.0	0.0	0.0	0.0	0.0

真的好希望有个可以在他面前做自我的男朋友，一起努力，一起旅游，一起去吃好吃的。可是，可是吧，我觉得自己遇不到那个他可能要孤老终生了。 ​​​	15	4	2017-03-23 21:57    
0.579	0.0	0.0	0.0	0.0	0.09	0.0	0.0	0.0	0.0	0.0	0.037	0.0	0.0	0.0	0.0	0.0	0.0	0.0	0.0	0.0	0.0	0.0	0.0	0.0	0.0	0.0	0.0	0.0	0.0

真的好希望有个可以在他面前做自我的男朋友，一起努力，一起旅游，一起去吃好吃的。可是，可是吧，我觉得自己遇不到那个他可能要孤老终生了。 ​​​	15	4	2017-03-23 21:57    
0.579	0.0	0.0	0.0	0.0	0.09	0.0	0.0	0.0	0.0	0.0	0.037	0.0	0.0	0.0	0.0	0.0	0.0	0.0	0.0	0.0	0.0	0.0	0.0	0.0	0.0	0.0	0.0	0.0	0.0

好男票的标准是什么？妹纸们来聊一聊 或者你们觉得怎样才算好男票？求走心，不玩笑[眼泪] ​​​	5	21	2017-03-30 00:19    
0.579	0.0	0.0	0.0	0.0	0.0	0.0	0.0	0.0	0.0	0.0	0.0	0.0	0.0	0.0	0.0	0.029	0.0	0.0	0.0	0.0	0.0	0.0	0.0	0.0	0.025	0.0	0.0	0.0	0.0

#晚安故事#内环一个男生讲电话，声音一般但我就想听，假装看路灯对视又回避，高高白白胖胖壮壮，他往前走我也走，卧槽走好快追好久，靠近我又放慢，转过来看了我一眼，装逼如我没对视，然后我走前面到华工他就不见了。想认识 再来一次还是怂 要是华工小伙伴刚好给他看到多好[失望] 限字好累 ​​​	4	3	2017-03-29 20:23    
0.579	0.0	0.0	0.0	0.115	0.0	0.0	0.0	0.0	0.0	0.0	0.0	0.0	0.0	0.0	0.0	0.0	0.0	0.0	0.0	0.0	0.0	0.0	0.0	0.0	0.0	0.025	0.0	0.0	0.0

