半夜突然醒了，来了一波回忆杀，睡不着了。之前十分天真地以为遇到了与自己一样的人就可以在一起，怎么就忘了还得互相喜欢这一件事?我不知道后面会怎样，也不敢想了。即便两情相悦，来自家庭、社会的压力又怎么承受得住? ​​​	4	2	2017-02-15 04:12    
0.579	0.205	0.0	0.0	0.0	0.0	0.0	0.0	0.0	0.0	0.0	0.0	0.0	0.0	0.0	0.0	0.0	0.0	0.0	0.0	0.0	0.0	0.0	0.0	0.0	0.0	0.0	0.0	0.0	0.021

我不喜欢别人秀恩爱 想拔出40米的大刀 ​​​	3	2	2017-02-13 23:52    
0.579	0.205	0.0	0.0	0.0	0.0	0.0	0.0	0.0	0.0	0.0	0.0	0.0	0.0	0.0	0.0	0.0	0.0	0.0	0.0	0.0	0.0	0.0	0.0	0.0	0.0	0.0	0.0	0.0	0.0

潮汕人会做饭好客好吃的东西多，就是太喜欢说家乡话了[捂脸][捂脸]妈呀两个广州人和两三个潮汕人一起走或者吃饭聊天，普通话说得好好的，突然他俩一碰就潮汕话走起来了，我们全程蒙蔽加尴尬好吧，有时候只有我一个不懂潮汕话的时候更尴尬。有外人的时候能不能顾及一下同行的小伙伴，摊手。 ​​​	9	7	2017-02-11 14:23    
0.579	0.205	0.0	0.0	0.0	0.0	0.0	0.0	0.0	0.0	0.0	0.0	0.033	0.0	0.0	0.0	0.0	0.0	0.029	0.0	0.0	0.0	0.0	0.0	0.025	0.0	0.025	0.0	0.0	0.0

感情的问题问i栋首先没什么用，其次你得讲得清楚一些，要有干货——不要光讲自己的感受，也要说对方的具体行为。例如说：对象很少主动找我。（然而实际是你一天找ta八遍ta找你两遍）对象没有以前爱我了（实际是他过年跟朋友疯玩两天显得比较冷淡）不过我还是喜欢看情感热线 ​​​	4	2	2017-02-12 02:45    
0.579	0.205	0.0	0.0	0.0	0.0	0.0	0.053	0.0	0.0	0.0	0.0	0.0	0.0	0.0	0.0	0.0	0.0	0.0	0.0	0.0	0.029	0.0	0.0	0.0	0.0	0.0	0.0	0.021	0.0

元宵节快乐啊~我最喜欢吃花生味的汤圆了，大家呢？~ ​​​	3	6	2017-02-11 14:15    
0.579	0.205	0.0	0.0	0.0	0.0	0.0	0.0	0.0	0.0	0.0	0.0	0.0	0.0	0.0	0.0	0.0	0.0	0.0	0.0	0.0	0.0	0.0	0.0	0.0	0.0	0.0	0.0	0.0	0.0

本人男，五官端正，性格开朗乐观，喜欢运动，希望找一个潮汕女朋友。有意者点赞/:rose/:rose/:rose/:rose/:rose ​​​	2	2	2017-02-11 08:12    
0.579	0.205	0.0	0.139	0.0	0.0	0.0	0.0	0.0	0.0	0.041	0.037	0.0	0.0	0.0	0.033	0.0	0.0	0.0	0.0	0.0	0.0	0.0	0.0	0.0	0.0	0.0	0.0	0.0	0.0

你若单身过得好，何必急于脱单！（超喜欢这句话） ​​​	17	9	2017-02-05 22:56    
0.579	0.205	0.0	0.0	0.0	0.0	0.0	0.0	0.0	0.0	0.0	0.0	0.033	0.0	0.0	0.0	0.0	0.0	0.0	0.0	0.0	0.0	0.025	0.0	0.0	0.0	0.0	0.0	0.0	0.0

低价出一部金色i6p。16g，用了2年，屏幕脱胶有点翘起来，可以正常使用，不喜欢可以自己换屏大概250，有意的评论，我私聊你 ​​​	2	11	2017-02-05 17:03    
0.579	0.205	0.0	0.0	0.0	0.0	0.0	0.0	0.0	0.0	0.0	0.0	0.0	0.0	0.033	0.0	0.0	0.0	0.0	0.0	0.0	0.0	0.0	0.0	0.0	0.0	0.0	0.0	0.0	0.0

喜欢的人女生缘太好怎么办，每天都担心他和别人跑了。这样的男生做男朋友有种不安全感...不过我也就yy一下 ​​​	2	6	2017-02-05 23:20    
0.579	0.205	0.172	0.0	0.115	0.09	0.0	0.0	0.0	0.0	0.0	0.0	0.0	0.0	0.0	0.0	0.0	0.0	0.0	0.0	0.0	0.0	0.0	0.0	0.0	0.0	0.0	0.0	0.0	0.0

每次别人说喜欢我，那是他们不了解我。真正了解我，也就不会喜欢我。 ​​​	6	12	2017-02-04 15:08    
0.579	0.205	0.0	0.0	0.0	0.0	0.0	0.0	0.0	0.0	0.0	0.0	0.0	0.0	0.0	0.0	0.0	0.0	0.0	0.0	0.0	0.0	0.0	0.0	0.0	0.0	0.0	0.0	0.0	0.0

春天到了，i栋好多来找男女朋友的。为什么你们不放照片？博主放照片，喜欢的评论时也放照片。这样成功率不是更高吗？对吧！放照片！ ​​​	3	11	2017-02-02 22:52    
0.579	0.205	0.0	0.0	0.0	0.0	0.0	0.0	0.0	0.0	0.0	0.0	0.0	0.0	0.033	0.0	0.0	0.0	0.0	0.0	0.0	0.0	0.0	0.0	0.0	0.0	0.0	0.0	0.0	0.0

在前任那里当保姆，在现任这里是公主。即使前任比现任帅很多，可我还是无敌喜欢现任。 ​​​	10	8	2017-02-02 12:23    
0.579	0.205	0.0	0.0	0.0	0.0	0.0	0.0	0.0	0.0	0.0	0.0	0.0	0.0	0.0	0.0	0.0	0.0	0.0	0.0	0.029	0.0	0.0	0.0	0.0	0.0	0.0	0.0	0.0	0.0

我的前任也是个渣男。虽然这么说但我还是很喜欢他。可能只是喜欢回忆罢了。几天认识几十天就分开，过了好几个月我都忘不了……一开始以为很有缘分很搭，最后你一句“不合适”……我知道你曾今是真的爱过我……爱过……呵呵呵初高中爱情老司机的我第一次用情这么深 ​​​	3	12	2017-02-03 01:51    
0.579	0.205	0.0	0.0	0.0	0.0	0.0	0.0	0.0	0.0	0.041	0.0	0.0	0.0	0.0	0.0	0.0	0.0	0.0	0.0	0.029	0.0	0.0	0.0	0.0	0.0	0.0	0.0	0.0	0.0

孤身一辈子就不行吗？只要自己快乐，为什么一定要过那种不喜欢的人生，不结婚就是犯罪吗？！ ​​​	10	7	2017-01-31 23:28    
0.579	0.205	0.0	0.0	0.0	0.0	0.0	0.0	0.0	0.0	0.0	0.0	0.0	0.0	0.0	0.0	0.0	0.0	0.0	0.0	0.0	0.0	0.0	0.025	0.0	0.0	0.0	0.0	0.0	0.0

女生在喜欢的人面前特别能装，开始一般不太敢轻易暴露自己的本性，也不太敢开车，虽然不是淑女也能秒变淑女。怕吓着人家，毕竟不是所有男生都喜欢这么狂野的妹子。 ​​​	2	4	2017-01-30 23:43    
0.579	0.205	0.172	0.0	0.115	0.0	0.0	0.0	0.0	0.0	0.0	0.0	0.0	0.0	0.0	0.0	0.0	0.0	0.0	0.0	0.0	0.0	0.0	0.0	0.0	0.0	0.0	0.0	0.0	0.0

有没有喜欢刘惜君的宝宝？ ​​​	6	2	2017-02-23 09:17    
0.579	0.205	0.0	0.0	0.0	0.0	0.0	0.0	0.0	0.0	0.0	0.0	0.0	0.0	0.0	0.0	0.0	0.0	0.0	0.0	0.0	0.0	0.0	0.0	0.0	0.0	0.0	0.0	0.0	0.0

看了极限特工后，好喜欢这个女主演 ​​​	4	5	2017-02-21 00:41    
0.579	0.205	0.0	0.0	0.0	0.0	0.0	0.0	0.0	0.0	0.0	0.0	0.0	0.0	0.0	0.0	0.0	0.0	0.0	0.0	0.0	0.0	0.0	0.0	0.0	0.0	0.0	0.0	0.0	0.0

长的太丑就不要强撩了，早就说了我喜欢帅哥 ​​​	3	19	2017-02-20 19:59    
0.579	0.205	0.0	0.0	0.0	0.0	0.0	0.0	0.0	0.0	0.0	0.0	0.0	0.0	0.0	0.0	0.0	0.0	0.0	0.0	0.0	0.0	0.0	0.0	0.0	0.0	0.0	0.0	0.0	0.0

喜欢 但 无用 ​​​	12	2	2017-02-20 01:31    
0.579	0.205	0.0	0.0	0.0	0.0	0.0	0.0	0.0	0.0	0.0	0.0	0.0	0.0	0.0	0.0	0.0	0.0	0.0	0.0	0.0	0.0	0.0	0.0	0.0	0.0	0.0	0.0	0.0	0.0

真的有男生喜欢的女生是别人认为是丑的，而他认为是很漂亮的，而男生颜值还不错的情况。 ​​​	2	17	2017-02-18 23:35    
0.579	0.205	0.172	0.0	0.115	0.0	0.0	0.0	0.0	0.0	0.0	0.0	0.0	0.0	0.0	0.0	0.0	0.0	0.0	0.0	0.0	0.0	0.0	0.0	0.0	0.0	0.0	0.0	0.0	0.0

也有人说过喜欢我，但谁也没有坚持过 ​​​	14	8	2017-02-17 13:47    
0.579	0.205	0.0	0.0	0.0	0.0	0.0	0.0	0.0	0.0	0.0	0.0	0.0	0.0	0.0	0.0	0.0	0.0	0.0	0.0	0.0	0.0	0.0	0.0	0.0	0.0	0.0	0.0	0.0	0.0

男生会喜欢比自己高的吗？有小哥整天找我聊天，可是他比我矮诶。。 ​​​	3	14	2017-02-17 12:35    
0.579	0.205	0.0	0.0	0.115	0.0	0.0	0.0	0.0	0.0	0.0	0.0	0.0	0.0	0.0	0.0	0.0	0.0	0.0	0.0	0.0	0.0	0.0	0.0	0.0	0.0	0.0	0.0	0.0	0.0

耳机~求喜欢的男生拿走，三元里~送给你 ​​​	2	9	2017-02-15 19:26    
0.579	0.205	0.0	0.0	0.115	0.0	0.0	0.0	0.0	0.0	0.0	0.0	0.0	0.0	0.0	0.0	0.029	0.0	0.0	0.0	0.0	0.0	0.0	0.0	0.0	0.0	0.0	0.0	0.0	0.0

接上条，而且我本身也不喜欢阿谀奉承，每次逼着自己去跟别人聊天真的心很累啊，我真心交出的朋友难道还比不上几句客套话的表面朋友吗，我这种性格就不能存在吗，真的好难过 ​​​	2	4	2017-02-16 20:49    
0.579	0.205	0.0	0.0	0.0	0.0	0.0	0.053	0.0	0.0	0.0	0.0	0.0	0.0	0.0	0.0	0.0	0.0	0.029	0.0	0.0	0.0	0.0	0.0	0.0	0.0	0.0	0.0	0.0	0.0

虽然半年前说错了话摆了乌龙被你误会了你还明确地拒绝过，但还是鼓起勇气约你去看lalaland你一口答应了！一起过了虽然只看了电影喝了星爸爸随便聊了两个小时的但是很棒的一个下午！约你出来其实并没有期待什么，只是想单纯地和你看爱乐之城，喜欢你只是我自己的事，就算你不回应也没事（本人女 ​​​	6	5	2017-02-17 00:41    
0.579	0.205	0.0	0.0	0.0	0.0	0.0	0.0	0.0	0.0	0.0	0.0	0.033	0.033	0.0	0.0	0.0	0.0	0.0	0.0	0.0	0.0	0.0	0.0	0.0	0.0	0.0	0.0	0.0	0.021

女朋友喜欢叫我老公，也要求我叫她老婆，我觉得叫得好别扭不肯叫，她就生气了，该如何哄她呢[困] ​​​	2	11	2017-02-10 00:46    
0.579	0.205	0.0	0.139	0.0	0.0	0.0	0.0	0.0	0.0	0.0	0.0	0.0	0.0	0.0	0.0	0.0	0.0	0.0	0.0	0.0	0.0	0.0	0.0	0.0	0.0	0.0	0.0	0.0	0.0

秋小瑶，我喜欢你啊，但可能用了错误的方式开始。几年间，秋风秋雨，站不在不远不近距离独步，码字一行行，等待戈多，整个人都呆住了。北风又起了，可否还有机会共话巴山夜雨？ ​​​	10	9	2017-02-09 20:17    
0.579	0.205	0.0	0.0	0.0	0.0	0.0	0.0	0.0	0.0	0.0	0.0	0.0	0.0	0.0	0.0	0.0	0.0	0.0	0.0	0.0	0.0	0.0	0.0	0.0	0.0	0.0	0.0	0.0	0.0

我很讨厌那些只是通过照片就说喜欢我的男生，呵呵[汗] ​​​	4	23	2017-02-06 09:49    
0.579	0.205	0.0	0.0	0.115	0.0	0.0	0.0	0.0	0.0	0.0	0.0	0.0	0.0	0.0	0.0	0.0	0.0	0.0	0.0	0.0	0.0	0.0	0.0	0.0	0.0	0.0	0.0	0.0	0.0

为什么找到一个对的人那么难？我喜欢那种有上进心，有闪光点，有自己独特的想法和魅力的人，彼此互相欣赏。低质量恋爱不如高质量单身，于是我更加努力学医参加各种活动，很少去打扮自己，逛淘宝和逛街也很少。不知道这样的女生多不多？ ​​​	8	14	2017-02-06 12:49    
0.579	0.205	0.172	0.0	0.0	0.0	0.0	0.0	0.0	0.0	0.0	0.0	0.0	0.0	0.0	0.0	0.0	0.0	0.0	0.0	0.0	0.0	0.025	0.025	0.0	0.0	0.0	0.0	0.0	0.0

其实过年收红包并不开心。他们总觉得我在学校学习很辛苦，所以乐意给我钱，然而我并不辛苦，因为我并不努力，属于合格就行那种，所以收的时候问心有愧。你叫我去努力学习？我从小到大都没试过真正很刻苦地学习，狠不下来，而且填志愿又太马虎导致不太喜欢这个专业...唉，终于明白了期望的重量 ​​​	5	6	2017-02-01 19:44    
0.579	0.205	0.0	0.0	0.0	0.0	0.0	0.0	0.0	0.041	0.0	0.0	0.0	0.0	0.0	0.0	0.0	0.0	0.0	0.0	0.0	0.0	0.0	0.025	0.0	0.0	0.0	0.0	0.0	0.0

追了挺久的一个女孩 我知道她可能不喜欢我 但她从不表态当我觉得远 她很自觉地靠近你 当我靠近她 她便再次装作不知道 然后昨天看到她发朋友圈和一个男的 我看见了 心有点痛哦妈蛋 ​​​	5	17	2017-02-01 09:16    
0.579	0.205	0.0	0.0	0.0	0.0	0.0	0.0	0.0	0.0	0.041	0.0	0.0	0.0	0.0	0.0	0.0	0.0	0.0	0.0	0.0	0.0	0.0	0.0	0.0	0.0	0.0	0.0	0.0	0.0

我是一个保守的女生，当然只是平时不随便而已，其实心里知道很多。看到有些女生微信微博上发的东西会有性暗示，觉得这种女生好骚，不喜欢男朋友微博微信里出现这种女人。这种女生到底什么心理，喜欢勾引人？ ​​​	3	11	2017-02-01 09:10    
0.579	0.205	0.172	0.0	0.0	0.09	0.0	0.0	0.0	0.0	0.0	0.0	0.0	0.0	0.0	0.0	0.0	0.0	0.0	0.0	0.0	0.0	0.0	0.0	0.0	0.0	0.0	0.0	0.0	0.0

一个男生天天找我聊天，然后得知我喜欢玩王者荣耀之后就说他也要玩，结果现在整天看他游戏在线却找我没以前勤快了，是发现还是游戏好玩吗…… ​​​	9	19	2017-01-29 21:46    
0.579	0.205	0.0	0.0	0.115	0.0	0.0	0.0	0.0	0.0	0.0	0.0	0.0	0.0	0.0	0.0	0.0	0.0	0.0	0.0	0.0	0.0	0.0	0.0	0.0	0.0	0.0	0.0	0.0	0.0

我同时喜欢两个人，你们信吗 ​​​	4	12	2017-01-28 01:11    
0.579	0.205	0.0	0.0	0.0	0.0	0.0	0.0	0.0	0.0	0.0	0.0	0.0	0.0	0.0	0.0	0.0	0.0	0.0	0.0	0.0	0.0	0.0	0.0	0.0	0.0	0.0	0.0	0.0	0.0

对自己很省很省，鞋子衣服化妆品百来块都觉得太贵不值得，但是对别人很慷慨，从不考虑多贵，觉得别人好，别人开心就行，几千几千的都觉得值得，女朋友是这种人，我说实在的，很不喜欢她这样！大家怎么看？ ​​​	2	14	2017-01-28 22:46    
0.579	0.205	0.0	0.139	0.0	0.0	0.0	0.0	0.0	0.041	0.0	0.0	0.0	0.0	0.0	0.0	0.0	0.0	0.0	0.0	0.0	0.0	0.0	0.0	0.0	0.0	0.0	0.0	0.0	0.0

因为我知道你没有喜欢我  不然的话才不会见几次面就让我和你过夜  是吧！才见几次面，认识几个月，明明就是不喜欢我，只是生理冲动 所以我拒绝了，我想你都可以和我发生关系，那也可以和别人这样的~ ​​​	10	5	2017-02-24 09:48    
0.579	0.205	0.0	0.0	0.0	0.0	0.0	0.0	0.0	0.0	0.0	0.0	0.0	0.033	0.0	0.0	0.0	0.0	0.0	0.0	0.0	0.0	0.0	0.0	0.0	0.0	0.0	0.0	0.0	0.0

异地恋两年半存了车票一共86张   你说你觉得未来三年都不会再恋爱了，可朋友告诉我分手一个月你就晒了你和她的照片一年了我才知道我是被甩的  是吧 我现在对感情特没信心  有人喜欢我的懂事，有人喜欢我的能力，有人只是因为寂寞……可每次我尝试和他们接触内心却觉得恶心。 ​​​	7	4	2017-02-25 23:42    
0.579	0.205	0.0	0.0	0.0	0.0	0.066	0.053	0.0	0.0	0.0	0.0	0.0	0.0	0.0	0.0	0.0	0.0	0.0	0.0	0.0	0.0	0.0	0.0	0.0	0.0	0.0	0.0	0.0	0.0

如果一个女生在失恋后一个男生经常安慰鼓励开导她，那她很有可能依赖他，慢慢喜欢上他。别问我是怎么知道的[拜拜]因为我现在就怀疑自己喜欢上了那个朋友，还是不要说出来好了。 ​​​	4	9	2017-03-02 23:48    
0.579	0.205	0.172	0.0	0.115	0.0	0.0	0.053	0.0	0.0	0.0	0.0	0.0	0.0	0.0	0.0	0.0	0.0	0.0	0.0	0.0	0.0	0.0	0.0	0.0	0.0	0.0	0.0	0.0	0.0

过了这么久，还是好喜欢好喜欢他，那又怎样，找了又怎样，他不会回来的。喜欢又不一定拥有，我会找到更好的。 ​​​	7	2	2017-03-02 10:28    
0.579	0.205	0.0	0.0	0.0	0.0	0.0	0.0	0.0	0.0	0.0	0.0	0.0	0.0	0.0	0.0	0.0	0.0	0.0	0.0	0.0	0.0	0.0	0.0	0.0	0.0	0.0	0.0	0.0	0.0

分手了的人还老是一起出去玩，是不是有病？这种纠缠不清拖泥带水的关系，简直是挑战三观！拒绝渣男！！你不要来说喜欢我了，跟着你的前女友玩去吧。 ​​​	2	2	2017-03-01 23:37    
0.579	0.205	0.0	0.0	0.0	0.0	0.066	0.0	0.0	0.0	0.041	0.0	0.0	0.033	0.0	0.0	0.0	0.0	0.0	0.0	0.0	0.0	0.0	0.0	0.0	0.0	0.0	0.0	0.0	0.0

谈恋爱哪来那么多的烦恼，不过是因为没有遇到那个对的人罢了。才二十岁出头，难道还怕找不到那个你喜欢，他也喜欢你的人吗？一辈子还长，这有什么大不了。ZM，彻底的结束，你总算教会了我，以后不要再那么掏心掏肺的对一个人好，因为不值得。 ​​​	4	2	2017-03-01 20:31    
0.579	0.205	0.0	0.0	0.0	0.0	0.0	0.0	0.0	0.0	0.0	0.0	0.0	0.0	0.0	0.0	0.0	0.0	0.0	0.0	0.0	0.0	0.0	0.0	0.0	0.0	0.0	0.0	0.0	0.0

补发！买来的新鞋子穿了一次发现小了一码顶脚，很喜欢但是小了很可惜，穿35至36码的女孩子都可以穿，原价实体店45块，现在25块出有女孩子买吗？就穿了一次！而且他有点内增哦！如果不喜欢内增鞋垫里的内增可以拿出来的！图片如下 ​​​	2	2	2017-02-28 08:19    
0.579	0.205	0.0	0.0	0.0	0.0	0.0	0.0	0.0	0.0	0.0	0.0	0.0	0.0	0.0	0.0	0.0	0.0	0.0	0.0	0.0	0.0	0.0	0.0	0.0	0.0	0.0	0.0	0.0	0.0

大四毕业生，身高180，身材健壮，爱运动，动漫，游戏，半宅男，颜值过得去，取得了国外研究生的录取，计划回国，精通普通话粤语，英文交流没问题，广州户口，有房，回来就有车，希望找到喜欢游戏和运动，会说粤语168以上性格阳光善良颜值7分+有意考研或者公务员的另一半。。有意点赞摸摸哒 ​​​	7	16	2017-03-03 17:19    
0.579	0.205	0.0	0.0	0.0	0.0	0.0	0.0	0.0	0.0	0.041	0.037	0.0	0.0	0.0	0.033	0.0	0.0	0.0	0.029	0.0	0.0	0.0	0.0	0.0	0.0	0.0	0.0	0.0	0.0

我真的真的很喜欢他 为什么他不喜欢我 明知道我们不可能再有交集了 我却还念念不忘 好难过呀 ​​​	3	7	2017-03-05 08:07    
0.579	0.205	0.0	0.0	0.0	0.0	0.0	0.0	0.0	0.0	0.0	0.0	0.0	0.0	0.0	0.0	0.0	0.0	0.0	0.0	0.0	0.0	0.0	0.0	0.0	0.0	0.0	0.0	0.0	0.0

不知道大家对长相一般但是身材好的男生怎么看。性格大大咧咧。会有女生喜欢这样的男生吗？ ​​​	3	9	2017-03-04 07:57    
0.579	0.205	0.172	0.0	0.115	0.0	0.0	0.0	0.0	0.0	0.0	0.0	0.0	0.0	0.0	0.0	0.0	0.0	0.0	0.0	0.0	0.0	0.0	0.0	0.0	0.0	0.0	0.0	0.0	0.0

说真的，除了工作学习外，当男生主动接近女生，最终目的都是为了上床，如果不是为了性，男生更喜欢和男生说话玩耍～各位觉得我说的对吗 ​​​	6	22	2017-02-27 11:05    
0.579	0.205	0.172	0.0	0.115	0.0	0.0	0.0	0.0	0.0	0.0	0.0	0.0	0.0	0.0	0.0	0.0	0.0	0.0	0.0	0.0	0.0	0.0	0.0	0.0	0.0	0.0	0.0	0.021	0.0

听说C栋楼下那个新疆特产店进饮料了，很喜欢他们的服务态度，不会像我家超市那样冷漠，少数民族同胞能有这魄力真的很佩服，还有几个帅哥在里面，进到他们店里有一种很亲切的感觉，有时候听到一些不好的话语，很心痛，但是我也不会以偏概全，希望他们生意兴隆吧！大晚上忽然很矫情，有机会想去新疆看看 ​​​	13	7	2017-03-12 21:54    
0.579	0.205	0.0	0.0	0.0	0.0	0.0	0.0	0.045	0.0	0.0	0.037	0.0	0.0	0.0	0.0	0.0	0.0	0.0	0.0	0.0	0.0	0.0	0.0	0.0	0.0	0.0	0.0	0.0	0.0

最近发现自己暗恋一个男生，男生似乎有女票好像又没有。哈哈哈，不管怎样，我始终坚信一点，他不喜欢我，无论从身高上还是颜值上说。男生喜欢你会想法设法靠近你。然而他没有。我需要把这份感情深埋心底，时间会冲淡一切。对吧？ ​​​	5	8	2017-03-08 16:48    
0.579	0.205	0.0	0.0	0.115	0.0	0.0	0.0	0.0	0.0	0.0	0.0	0.0	0.0	0.0	0.0	0.0	0.0	0.0	0.029	0.0	0.0	0.0	0.0	0.0	0.0	0.0	0.0	0.0	0.0

想学舞蹈，有没有喜欢舞蹈的女生一起练习？ ​​​	4	3	2017-03-11 21:23    
0.579	0.205	0.172	0.0	0.0	0.0	0.0	0.0	0.0	0.0	0.0	0.0	0.0	0.0	0.0	0.0	0.0	0.0	0.0	0.0	0.0	0.0	0.0	0.0	0.0	0.0	0.0	0.0	0.0	0.0

我真的很喜欢你 怎么突然就结束了 怎么那么久还没释怀 ​​​	2	2	2017-03-11 08:54    
0.579	0.205	0.0	0.0	0.0	0.0	0.0	0.0	0.0	0.0	0.0	0.0	0.0	0.0	0.0	0.0	0.0	0.0	0.0	0.0	0.0	0.0	0.0	0.0	0.0	0.0	0.0	0.0	0.0	0.0

有很喜欢的男生 只是表白了也未必能在一起 也快实习了 所以 还是默默喜欢就好 ​​​	6	6	2017-03-15 12:29    
0.579	0.205	0.0	0.0	0.115	0.0	0.0	0.0	0.0	0.0	0.0	0.0	0.0	0.0	0.0	0.0	0.0	0.0	0.0	0.0	0.0	0.0	0.0	0.0	0.0	0.0	0.0	0.021	0.0	0.0

只是想找个地方说说话。我很想你。很多话想对你说但却要控制住。不是喜欢一个人就能得到回应，是不是只有交给时间？ ​​​	2	4	2017-03-15 20:44    
0.579	0.205	0.0	0.0	0.0	0.0	0.0	0.0	0.0	0.0	0.0	0.0	0.033	0.0	0.0	0.0	0.0	0.029	0.0	0.0	0.0	0.0	0.0	0.0	0.0	0.0	0.0	0.0	0.0	0.0

最近真的快要疯掉了。喜欢一个男生，他应该也感觉到我的好感，平时有点暧昧，但是从来不主动跟我说过话。所以觉得表白大多是泡汤的，[捂脸]怕表白了没朋友，不表白一个人忍着也难受。唉……求开导 ​​​	3	21	2017-03-13 23:49    
0.579	0.205	0.0	0.0	0.115	0.0	0.0	0.053	0.045	0.0	0.0	0.0	0.033	0.0	0.0	0.0	0.029	0.0	0.0	0.0	0.0	0.0	0.0	0.0	0.0	0.0	0.0	0.021	0.021	0.0

【需要自取】马上要离开大学城了，临走前清货的时候发现前任送的一瓶香水和之前小师妹送的小香水。因为本人不喜欢用这种，也不太喜欢女生香水的甜味。如果有需求的妹子可以去拿，东西我放在9栋宿舍7楼电梯口的消防柜上了。小香水大概还有一半，大的没用过全新。希望新主人善待它们吧。 ​​​	4	5	2017-03-12 13:50    
0.579	0.205	0.172	0.0	0.0	0.0	0.0	0.0	0.0	0.0	0.0	0.037	0.0	0.0	0.0	0.0	0.0	0.0	0.0	0.0	0.029	0.0	0.0	0.0	0.0	0.0	0.0	0.0	0.0	0.0

男生是不是都会给喜欢的女生点赞 不喜欢的就不鸟 ​​​	5	5	2017-03-10 18:34    
0.579	0.205	0.172	0.0	0.115	0.0	0.0	0.0	0.0	0.0	0.0	0.0	0.0	0.0	0.0	0.033	0.0	0.0	0.0	0.0	0.0	0.0	0.0	0.0	0.0	0.0	0.0	0.0	0.0	0.0

我是女孩子，我好想和女孩子谈恋爱啊啊啊啊啊，认真的，不可以批评我，喜欢短头发的女孩子，评论我找你 ​​​	14	23	2017-03-09 23:52    
0.579	0.205	0.0	0.0	0.0	0.0	0.0	0.0	0.0	0.0	0.0	0.0	0.0	0.0	0.033	0.0	0.0	0.0	0.0	0.0	0.0	0.0	0.0	0.0	0.0	0.0	0.0	0.0	0.0	0.0

有没有喜欢钓鱼的小伙伴？ ​​​	2	7	2017-03-07 11:19    
0.579	0.205	0.0	0.0	0.0	0.0	0.0	0.0	0.0	0.0	0.0	0.0	0.0	0.0	0.0	0.0	0.0	0.0	0.0	0.0	0.0	0.0	0.0	0.0	0.0	0.0	0.0	0.0	0.0	0.0

我喜欢你你知道吗？感觉连呼吸都是为了你。你的一举一动决定了我一天的心情。在你视线里我拼命掩藏自己，在你视线外拼命寻找你的身影。有没有荷尔蒙受体阻滞剂，不然我可能快要没了，呼吸困难心跳骤停，不能自已。救我！医生。 ​​​	5	4	2017-03-19 14:41    
0.579	0.205	0.0	0.0	0.0	0.0	0.0	0.0	0.045	0.0	0.0	0.0	0.0	0.0	0.0	0.0	0.0	0.0	0.0	0.0	0.0	0.0	0.0	0.0	0.0	0.0	0.0	0.0	0.0	0.0

最近父母帮我相亲了，门当户对，我大三，双方父母都认识，他是深圳本地人，父亲是核电站局长，母亲开五星级酒店，家里奔驰宝马保时捷都有……主要是男方父母很喜欢我，我应该高兴是吗？可是我觉得我不喜欢，男的比我大七岁，但是不同意怕父母不高兴。我是应该拒绝，还是接受长辈认可的这门亲事……哎 ​​​	2	18	2017-03-29 17:08    
0.579	0.205	0.0	0.0	0.0	0.0	0.0	0.0	0.0	0.0	0.041	0.0	0.0	0.033	0.0	0.0	0.0	0.0	0.0	0.0	0.0	0.0	0.0	0.0	0.0	0.0	0.0	0.0	0.0	0.0

今天走在路上突然就想通了一下。喜欢了你快三年，你也知道我喜欢你的。可是你也就那样不痛不痒了，虽然现在还有偶尔的联系。我呀，长得普普通通就性格挺好的一个女孩。就今天早上走在路上突然想起了你曾经跟我说过你找的女朋友必须是要漂亮的。那我想该放还是得放了，不要占着我对你好你就能这样对我。 ​​​	7	7	2017-03-28 23:55    
0.579	0.205	0.0	0.139	0.0	0.0	0.0	0.0	0.0	0.0	0.0	0.0	0.0	0.0	0.0	0.0	0.0	0.0	0.0	0.0	0.0	0.0	0.0	0.0	0.0	0.0	0.025	0.0	0.0	0.0

前任今晚来找我，她跟我说她被拒绝了。心里有点高兴，高兴的是她现在还单着，但是看到她有点不开心又心里有点不舒服。不要脸的我还想追回她。可以别骂我给我鼓励吗，虽然过了三个月，我还是很喜欢她。如果够43个赞我就去试试。抱拳了老铁[祈祷][祈祷] ​​​	82	13	2017-03-30 02:31    
0.579	0.205	0.0	0.0	0.0	0.0	0.0	0.0	0.0	0.041	0.0	0.0	0.0	0.033	0.0	0.0	0.0	0.0	0.0	0.0	0.029	0.0	0.0	0.0	0.0	0.0	0.0	0.0	0.0	0.0

经常和一个男生聊天，见过几次，也不怎么见面，感觉我挺喜欢他的，要不要表白呢？怕被拒绝了好尴尬好怕朋友都没得做。要怎么引起这个话题好呢？或者，怎样才能让他追我呢？很好的一个男孩子啊，不想错过。（个人颜值一般般，他颜值也一般般） ​​​	9	9	2017-04-06 00:51    
0.579	0.205	0.0	0.0	0.115	0.0	0.0	0.053	0.045	0.0	0.0	0.0	0.0	0.033	0.0	0.0	0.0	0.0	0.029	0.0	0.0	0.0	0.0	0.0	0.025	0.0	0.0	0.021	0.0	0.0

