3月7日女生节 这种干花，有多少男士会送给女生 ​​​	3	8	2017-02-13 19:45    
0.579	0.0	0.172	0.0	0.0	0.0	0.0	0.0	0.0	0.0	0.0	0.0	0.0	0.0	0.0	0.0	0.0	0.0	0.0	0.0	0.0	0.0	0.0	0.0	0.0	0.0	0.0	0.0	0.0	0.0

有人找你出去玩，你有空，为什么你会不出门呢？即使有比较熟的朋友在也不想出门。说朋友都是从尴尬到不尴尬，毕竟你们都没有接触过。可能是有点儿厌世。想交朋友扩大朋友圈，可是自己迈不出去啊，而且自己也不算是很宅的女生。啧啧，不知道自己是怎样啊，就是想说说。有点矛盾 ​​​	2	14	2017-02-06 21:37    
0.579	0.0	0.172	0.0	0.0	0.0	0.0	0.053	0.0	0.0	0.0	0.0	0.0	0.0	0.0	0.0	0.0	0.0	0.0	0.0	0.0	0.0	0.0	0.0	0.025	0.0	0.0	0.0	0.0	0.0

分手后的一个月里 ：女生痛不欲生 男的 轻松欲飞。一个月后 女生重新开始新的生活 男生开始陷入回忆杀的苦闷 准不准 i栋的各位骚年？ ​​​	3	11	2017-02-01 23:32    
0.579	0.0	0.172	0.0	0.115	0.0	0.066	0.0	0.0	0.0	0.041	0.0	0.0	0.0	0.0	0.0	0.0	0.0	0.0	0.0	0.0	0.0	0.0	0.0	0.0	0.0	0.0	0.0	0.0	0.0

女生1米5跟男生1米7都是根刺？屁话吧[拜拜]还不是看脸 ​​​	6	8	2017-01-31 23:04    
0.579	0.0	0.172	0.0	0.115	0.0	0.0	0.0	0.0	0.0	0.0	0.0	0.0	0.0	0.0	0.0	0.0	0.0	0.0	0.0	0.0	0.0	0.0	0.0	0.0	0.0	0.0	0.0	0.0	0.0

女生这样是闹哪样？ ​​​	2	11	2017-02-22 18:24    
0.579	0.0	0.172	0.0	0.0	0.0	0.0	0.0	0.0	0.0	0.0	0.0	0.0	0.0	0.0	0.0	0.0	0.0	0.0	0.0	0.0	0.0	0.0	0.0	0.0	0.0	0.0	0.0	0.0	0.0

求减肥战友，最好是女生，我也是女生。最好跑步速度稍慢，因为我自己也比较慢[污]互相监督互相扶持相信我们瘦下来都是大美女！ ​​​	8	13	2017-02-22 21:29    
0.579	0.0	0.172	0.0	0.0	0.0	0.0	0.0	0.0	0.0	0.0	0.0	0.0	0.0	0.0	0.0	0.029	0.0	0.0	0.0	0.0	0.0	0.0	0.0	0.0	0.0	0.0	0.0	0.0	0.0

今天在我家看见一位挺好看的女生，印象中是红色衣服，女仔裤，白色鞋子，就是不知道是不是我们学校的 ​​​	3	3	2017-02-21 20:03    
0.579	0.0	0.172	0.0	0.0	0.0	0.0	0.0	0.0	0.0	0.0	0.0	0.0	0.0	0.0	0.0	0.0	0.0	0.0	0.0	0.0	0.0	0.0	0.0	0.0	0.0	0.0	0.0	0.0	0.0

D栋姓林的女生，你的外卖被送餐人员送到C栋楼下了，不忍心你饿肚子，快去拿吧 ​​​	5	2	2017-02-21 21:57    
0.579	0.0	0.172	0.0	0.0	0.0	0.0	0.0	0.0	0.0	0.0	0.0	0.0	0.0	0.0	0.0	0.0	0.0	0.0	0.0	0.0	0.0	0.0	0.0	0.0	0.0	0.0	0.0	0.0	0.0

以前可能中国越靠近北京计划生育越严格。反正我家长三角这里如果是非农业户口只能生一个，无论男女。如果是农业户口只有第一胎是女孩才可以生二胎，第一胎是男孩是绝对不给生的。高中班里六十多人，只有一个女生家里三个小孩，其他都是一个或者两个。发这个没有别的意思，只是说说我们这里的现状而已 ​​​	2	9	2017-02-12 13:36    
0.579	0.0	0.172	0.0	0.0	0.0	0.0	0.0	0.0	0.0	0.0	0.0	0.0	0.0	0.0	0.0	0.0	0.0	0.0	0.0	0.0	0.0	0.0	0.0	0.0	0.0	0.0	0.0	0.0	0.0

看到过很多女生，对象家里一定要好，要有房，觉得自己很庆幸，女朋友知道我家庭条件差不但没有嫌弃，还能跟我一起奋斗，估计我以前的运气都攒到现在是为了遇见她，我会好好珍惜她的，准备订婚了，求祝福。 ​​​	131	16	2017-02-07 17:12    
0.579	0.0	0.172	0.139	0.0	0.0	0.0	0.0	0.0	0.0	0.0	0.0	0.0	0.0	0.0	0.0	0.029	0.0	0.0	0.0	0.0	0.0	0.0	0.0	0.0	0.0	0.0	0.0	0.0	0.0

是不是158cm的女生最可爱！ ​​​	8	24	2017-02-06 12:59    
0.579	0.0	0.172	0.0	0.0	0.0	0.0	0.0	0.0	0.0	0.0	0.0	0.0	0.0	0.0	0.0	0.0	0.0	0.0	0.0	0.0	0.0	0.0	0.0	0.0	0.0	0.0	0.0	0.0	0.0

诶我是备胎这个我知道阿 是觉得会有机会的 所以我愿意当备胎 我现在心好卵痛 安慰下我呗 或者介绍个好女生来嘛[皱眉] ​​​	4	5	2017-02-01 09:32    
0.579	0.0	0.172	0.0	0.0	0.0	0.0	0.0	0.0	0.0	0.0	0.0	0.0	0.0	0.0	0.0	0.0	0.0	0.0	0.0	0.0	0.0	0.0	0.0	0.0	0.0	0.0	0.0	0.0	0.0

作为一个刚被绿了的女生，看到那个说怎么不想想把人家抢过来的，我只想说，去你大爷哦。就是你这种人助涨了小三的风气吧，什么狗屁打着追求真爱的名义插足别人的感情，小三就是小三，别以为自己多高尚你们是真爱？出轨只有零次跟无数次，这种男的不再要，女的也要远离别做朋友。 ​​​	21	7	2017-01-29 21:43    
0.579	0.0	0.172	0.0	0.0	0.0	0.0	0.053	0.0	0.0	0.041	0.0	0.0	0.0	0.0	0.0	0.0	0.0	0.0	0.0	0.0	0.0	0.0	0.0	0.0	0.0	0.0	0.0	0.0	0.0

166的女生，感觉找不到最萌身高差[微笑] ​​​	6	18	2017-02-23 23:03    
0.579	0.0	0.172	0.0	0.0	0.0	0.0	0.0	0.045	0.0	0.0	0.0	0.0	0.0	0.0	0.0	0.0	0.0	0.0	0.029	0.0	0.0	0.0	0.0	0.0	0.0	0.0	0.0	0.0	0.0

对于女生主动表白你怎么看？ ​​​	2	12	2017-02-25 22:13    
0.579	0.0	0.172	0.0	0.0	0.0	0.0	0.0	0.0	0.0	0.0	0.0	0.0	0.0	0.0	0.0	0.0	0.0	0.0	0.0	0.0	0.0	0.0	0.0	0.0	0.0	0.0	0.021	0.021	0.0

我是一院的一个女生，想考本学校的社会医学与卫生事业管理研究生，请问有这个专业的研究生师兄师姐吗？或者是同样想考这个专业的同学，请问这个专业要考的中医基础理论和社会医学包括哪些书呢？万分感激[玫瑰] ​​​	2	2	2017-03-03 21:00    
0.579	0.0	0.172	0.0	0.0	0.0	0.0	0.0	0.0	0.0	0.0	0.0	0.0	0.0	0.0	0.0	0.0	0.0	0.0	0.0	0.0	0.0	0.0	0.0	0.0	0.0	0.0	0.0	0.0	0.0

有没有女生愿意帮我捡球的呀，我投篮，你捡球，再传给我…给你1块钱捡一个球，如果你对篮球也有兴趣，请私信我～企鹅1642841934 ​​​	4	13	2017-02-27 20:49    
0.579	0.0	0.172	0.0	0.0	0.0	0.0	0.0	0.0	0.0	0.0	0.0	0.0	0.0	0.0	0.0	0.0	0.0	0.0	0.0	0.0	0.0	0.0	0.0	0.0	0.0	0.0	0.0	0.0	0.0

有女生有兴趣一起组队唱跳韩女团的歌吗？ ​​​	4	6	2017-02-27 08:30    
0.579	0.0	0.172	0.0	0.0	0.0	0.0	0.0	0.0	0.0	0.0	0.0	0.0	0.0	0.0	0.0	0.0	0.0	0.0	0.0	0.0	0.0	0.0	0.0	0.0	0.0	0.0	0.0	0.0	0.0

女生起个男生的名字不是很正常吗？为什么老是有人叫我师弟？明明我是可爱的妹子，哎呀，真不开心 ​​​	2	16	2017-03-06 20:31    
0.579	0.0	0.172	0.0	0.115	0.0	0.0	0.0	0.0	0.041	0.0	0.0	0.0	0.0	0.0	0.0	0.0	0.0	0.0	0.0	0.0	0.0	0.0	0.0	0.0	0.0	0.0	0.0	0.0	0.0

感谢今天在路上路见不平拔刀相助的汉子(｡･ω･｡)ﾉ♡，都擦肩走远了还回过头来帮我搬重重的箱子，那个在你身边的女生一定很幸福。比起在公车上，看见我搬东西还退让三尺背过头去的男生，我觉得男人跟男人之间还是很有差别的… ​​​	16	6	2017-03-06 00:20    
0.579	0.0	0.172	0.0	0.115	0.0	0.0	0.0	0.0	0.0	0.0	0.0	0.0	0.0	0.0	0.0	0.0	0.0	0.0	0.0	0.0	0.0	0.0	0.0	0.0	0.0	0.0	0.0	0.0	0.0

晚上路过H栋看到一个女生把小黄车弄上楼了，只想说呵呵。 ​​​	9	9	2017-03-13 00:19    
0.579	0.0	0.172	0.0	0.0	0.0	0.0	0.0	0.0	0.0	0.0	0.0	0.0	0.0	0.0	0.0	0.0	0.0	0.0	0.0	0.0	0.0	0.0	0.0	0.0	0.0	0.0	0.0	0.0	0.0

问一下这里的女生，要是你在自修室学习，收到旁边男同学递来的纸条说很想认识你，你会怎样表现啊？真诚求你真实想法。 ​​​	3	13	2017-03-13 09:56    
0.579	0.0	0.172	0.0	0.0	0.0	0.0	0.0	0.0	0.0	0.0	0.0	0.0	0.0	0.0	0.0	0.029	0.0	0.0	0.0	0.0	0.029	0.0	0.0	0.0	0.0	0.0	0.0	0.0	0.0

他说不爱了 我没办法控制自己不去想他 打电话他会接 问他是不是还会在乎 他说不知道 告诉他好多话想跟他说 他说ML可以其他就算了 所以男生不爱女生的话还会跟她ML？but女生感觉这样很可耻的... ​​​	2	15	2017-03-12 20:51    
0.579	0.0	0.172	0.0	0.115	0.0	0.0	0.0	0.045	0.0	0.0	0.0	0.033	0.0	0.0	0.0	0.0	0.0	0.0	0.0	0.0	0.029	0.0	0.0	0.0	0.0	0.0	0.0	0.0	0.0

我想问一下住在D栋靠篮球场这边宿舍的女生们，更准确说是在采芝林往上的宿舍今天凌晨4,5点是否会听到断断续续的嗡鸣声，响5、6秒，停十几二十秒后又响这样的。这个星期第二次了。因为不知道什么原因不知如何报修，也很难说明白。如果大家跟我一样被吵得睡不着，我们集体向物业反映吧[泪] ​​​	3	4	2017-03-11 05:32    
0.579	0.0	0.172	0.0	0.0	0.0	0.0	0.0	0.0	0.0	0.0	0.0	0.0	0.0	0.0	0.0	0.0	0.0	0.0	0.0	0.0	0.0	0.0	0.0	0.0	0.0	0.0	0.0	0.0	0.0

你们会不会觉得一个遇到问题就哭的女生很懦弱 很让人讨厌 ​​​	3	7	2017-03-14 12:31    
0.579	0.0	0.172	0.0	0.0	0.0	0.0	0.0	0.0	0.0	0.0	0.0	0.0	0.0	0.0	0.0	0.0	0.0	0.0	0.0	0.0	0.0	0.0	0.0	0.0	0.0	0.0	0.0	0.0	0.0

莫非有了女朋友就不能再认识其他女生？认识女生就一定要交往要约要上床？艹 ​​​	5	2	2017-03-13 16:11    
0.579	0.0	0.172	0.139	0.0	0.0	0.0	0.0	0.0	0.0	0.0	0.0	0.0	0.0	0.0	0.0	0.0	0.0	0.0	0.0	0.0	0.0	0.0	0.0	0.0	0.0	0.0	0.0	0.0	0.0

男朋友没给我过女生节，但跑去给班里的女生们过节去了 虽然我也不是很在意他有没有帮我过这个节 但不爽他帮别人过啊  ​​​	14	3	2017-03-07 20:39    
0.579	0.0	0.172	0.0	0.0	0.09	0.0	0.0	0.0	0.0	0.0	0.0	0.0	0.0	0.0	0.0	0.0	0.0	0.0	0.0	0.0	0.0	0.0	0.0	0.0	0.0	0.0	0.0	0.0	0.0

大三狗，不想毕业后相亲。好想在大学找个女朋友啊，条件不算差，有想找男朋友的女生吗？点赞我私聊你 ​​​	8	6	2017-03-19 11:00    
0.579	0.0	0.172	0.139	0.0	0.09	0.0	0.0	0.0	0.0	0.0	0.0	0.0	0.0	0.0	0.033	0.0	0.029	0.0	0.0	0.0	0.0	0.0	0.0	0.0	0.0	0.0	0.0	0.0	0.0

请问一下各位女生，是不是都和我一样从小有个舞蹈梦？还想问不去学的原因是为什么呢？如果再有一次机会，你们会去学么？ ​​​	3	17	2017-03-26 20:01    
0.579	0.0	0.172	0.0	0.0	0.0	0.0	0.0	0.0	0.0	0.0	0.0	0.0	0.0	0.0	0.0	0.0	0.0	0.0	0.0	0.0	0.0	0.0	0.0	0.0	0.0	0.0	0.0	0.0	0.0

倘若我们能晚点遇见，那时候的我稳重而有担当，那时候的你不再年少轻狂，刚刚好，不早不晚，让我遇见了最美好的你，觉得这段话有感觉的女生请点赞或评论好，我私聊你，诚意求一女朋友共勉[心] ​​​	4	6	2017-03-26 10:19    
0.579	0.0	0.172	0.139	0.0	0.0	0.0	0.0	0.045	0.0	0.0	0.0	0.0	0.0	0.033	0.033	0.0	0.0	0.0	0.0	0.0	0.0	0.0	0.0	0.0	0.0	0.0	0.0	0.0	0.0

求能长期约拍的女生！能支付小额的报酬。要求大方得体。有兴趣可加微-信 iy385_J ​ ​​​	2	4	2017-03-29 10:53    
0.579	0.0	0.172	0.0	0.0	0.0	0.0	0.0	0.0	0.0	0.0	0.0	0.0	0.0	0.0	0.0	0.0	0.0	0.0	0.0	0.0	0.0	0.0	0.0	0.0	0.0	0.0	0.0	0.0	0.0

女生最重要的特质是？？杀马特强子的秒拍视频 ​​​	2	5	2017-03-29 15:31    
0.579	0.0	0.172	0.0	0.0	0.0	0.0	0.0	0.0	0.0	0.0	0.0	0.0	0.0	0.0	0.0	0.0	0.0	0.0	0.0	0.0	0.0	0.0	0.0	0.0	0.0	0.0	0.0	0.0	0.0

昨晚大概八点钟，M栋楼下。我和男票骑着小黄车出去，因为东西落宿舍了上去拿，男票骑小黄车在楼下等我。一个女生跑过去要求骑走小黄车，男票告诉她我们还没骑完，她“义正言辞”说小黄车是共享单车是公共的，不要外面停放的那么多小黄车，愣是坚持牵走了我那辆小黄车 ​​​	2	36	2017-03-29 21:51    
0.579	0.0	0.172	0.0	0.0	0.0	0.0	0.0	0.0	0.0	0.041	0.0	0.0	0.0	0.0	0.0	0.0	0.0	0.0	0.0	0.0	0.0	0.0	0.0	0.0	0.025	0.025	0.0	0.0	0.0

女生表白被拒绝会很尴尬吧？跟对方没怎么讲过话的。要不要一鼓作气说完，视死如归？还是顺其自然，淡忘 ​​​	5	10	2017-03-29 20:25    
0.579	0.0	0.172	0.0	0.0	0.0	0.0	0.0	0.0	0.0	0.0	0.0	0.033	0.033	0.0	0.0	0.0	0.0	0.0	0.0	0.0	0.0	0.0	0.0	0.025	0.0	0.0	0.021	0.0	0.0

对男朋友做腹部撩裆的动作被别人看见了。。好尴尬，如果我是女生的话，应该没这么吓人吧 ​​​	3	13	2017-04-06 12:09    
0.579	0.0	0.172	0.0	0.0	0.09	0.0	0.0	0.0	0.0	0.0	0.0	0.0	0.0	0.0	0.0	0.0	0.0	0.0	0.0	0.0	0.0	0.0	0.0	0.025	0.0	0.0	0.0	0.0	0.0

对啊，很多女生择偶标准动辄要求180+，那我要求对象必须C+ cup应该也不算过分吧既然每个人的观念都无可厚非，没有皇帝命得了皇帝病的我也表示呵呵很无奈啊，真活该我一直单身。好了，要喷的可以开始了 ​​​	2	28	2017-04-10 09:19    
0.579	0.0	0.172	0.0	0.0	0.0	0.0	0.0	0.0	0.0	0.0	0.0	0.0	0.0	0.0	0.0	0.0	0.0	0.0	0.0	0.0	0.0	0.025	0.0	0.0	0.0	0.0	0.0	0.0	0.0

女生觉得男生肌肉可怕，腹肌难看。不同意去健身房。恕我直言，我觉得你不配拥有我。看着你的小肚子和塌下去的屁股，你的审美观念让我摇头，亏你还真有勇气说这些。就这样吧，明天还要撸铁。 ​​​	9	21	2017-04-09 23:19    
0.579	0.0	0.172	0.0	0.115	0.0	0.0	0.0	0.0	0.0	0.0	0.0	0.0	0.0	0.0	0.0	0.0	0.0	0.0	0.0	0.0	0.0	0.0	0.0	0.0	0.0	0.0	0.0	0.0	0.0

