最后10分钟，我只想找个女朋友，只为她一个人做一切她让我做的！认真起来连自己都觉得害怕！评论吧 ​​​	4	6	2017-02-13 23:50    
0.579	0.0	0.0	0.139	0.0	0.0	0.0	0.0	0.0	0.0	0.0	0.0	0.0	0.0	0.033	0.0	0.0	0.029	0.0	0.0	0.0	0.0	0.0	0.0	0.0	0.0	0.0	0.0	0.0	0.0

想在贵校找个女朋友，本人男 ，身高174，体重70，毕业三年，在广州南沙工作，潮汕人，如果有意可点赞我联系你 希望找到心仪那个你 ​​​	3	4	2017-02-13 16:45    
0.579	0.0	0.0	0.139	0.0	0.0	0.0	0.0	0.0	0.0	0.041	0.037	0.0	0.0	0.0	0.033	0.0	0.029	0.0	0.029	0.0	0.0	0.0	0.0	0.0	0.0	0.0	0.0	0.0	0.0

对朋友比对女朋友好的男朋友，不要也罢 ​​​	3	5	2017-02-14 09:01    
0.579	0.0	0.0	0.139	0.0	0.09	0.0	0.053	0.0	0.0	0.0	0.0	0.0	0.0	0.0	0.0	0.0	0.0	0.0	0.0	0.0	0.0	0.0	0.0	0.0	0.0	0.0	0.0	0.0	0.0

今天我追求两年多的女孩子终于答应我做我女朋友了，可是我却感到这世界深深的恶意[捂脸] ​​​	6	17	2017-02-13 15:42    
0.579	0.0	0.0	0.139	0.0	0.0	0.0	0.0	0.0	0.0	0.0	0.0	0.0	0.0	0.0	0.0	0.0	0.0	0.0	0.0	0.0	0.0	0.0	0.0	0.0	0.0	0.0	0.0	0.0	0.0

男生找女朋友聊天的频率是怎么样的？感觉我的男票很冷淡，我觉得很心塞。自己的心也慢慢冷掉。 ​​​	3	19	2017-02-11 22:52    
0.579	0.0	0.0	0.139	0.115	0.0	0.0	0.0	0.045	0.0	0.0	0.0	0.0	0.0	0.0	0.0	0.0	0.0	0.029	0.0	0.0	0.0	0.0	0.0	0.0	0.025	0.0	0.0	0.0	0.0

人家只不过是不想找那个地方的妹子当女朋友……人家自己的个人取向你们就集体高潮了……这就地域黑……全世界都想娶那儿的妹子你们就开心了 ​​​	3	5	2017-02-11 11:47    
0.579	0.0	0.0	0.139	0.0	0.0	0.0	0.0	0.0	0.041	0.0	0.0	0.0	0.0	0.0	0.0	0.0	0.0	0.0	0.0	0.0	0.0	0.0	0.0	0.0	0.0	0.0	0.0	0.0	0.0

约女朋友出去看电影，看完后犹豫不决吃啥，让其一直饿着，是大忌。 ​​​	5	5	2017-02-02 22:06    
0.579	0.0	0.0	0.139	0.0	0.0	0.0	0.0	0.0	0.0	0.0	0.0	0.0	0.0	0.0	0.0	0.0	0.0	0.0	0.0	0.0	0.0	0.0	0.0	0.0	0.0	0.0	0.0	0.0	0.0

想买个拍立得送给女朋友。有入手过的同学推荐一下店铺啥的吗？谢谢谢谢！/:rose/:rose/:rose ​​​	4	4	2017-01-31 18:39    
0.579	0.0	0.0	0.139	0.0	0.0	0.0	0.0	0.0	0.0	0.0	0.0	0.0	0.0	0.0	0.0	0.0	0.0	0.0	0.0	0.0	0.0	0.0	0.0	0.0	0.0	0.0	0.0	0.0	0.0

在佛山医院工作的师兄，身高170，工作稳定，想找一个以后想在佛山发展的女朋友，点赞或者评论吧 ​​​	8	13	2017-01-31 09:26    
0.579	0.0	0.0	0.139	0.0	0.0	0.0	0.0	0.0	0.0	0.0	0.0	0.0	0.0	0.033	0.033	0.0	0.0	0.0	0.029	0.0	0.0	0.0	0.0	0.0	0.0	0.0	0.0	0.0	0.0

两个黄鹂鸣翠柳，你还没有女朋友。雌雄双兔傍地走，你还没有女朋友。一江春风向东流，你还没有女朋友。问君能有几多愁，你还没有女朋友。抽刀断水水更流，你还没有女朋友。举杯消愁愁更愁，你还没有女朋友。路见不平一声吼，你还没有女朋友。             没女性交际圈，再下去要弯了 [呵呵] ​​​	4	6	2017-02-22 22:25    
0.579	0.0	0.0	0.139	0.0	0.0	0.0	0.0	0.0	0.0	0.0	0.0	0.0	0.0	0.0	0.0	0.0	0.0	0.0	0.0	0.0	0.0	0.0	0.0	0.0	0.0	0.025	0.0	0.0	0.0

最近突然很想念前前任怎么办，天天想[悲伤]可是他现在已经有女朋友了，应该过得很幸福吧[悲伤] ​​​	5	11	2017-02-21 13:35    
0.579	0.0	0.0	0.139	0.0	0.0	0.0	0.0	0.0	0.0	0.0	0.0	0.0	0.0	0.0	0.0	0.0	0.0	0.0	0.0	0.029	0.0	0.0	0.0	0.0	0.0	0.0	0.0	0.0	0.0

关注屌丝单身狗的心理健康很重要。不然他们还是找不到女朋友的。 ​​​	4	2	2017-02-21 18:38    
0.579	0.0	0.0	0.139	0.0	0.0	0.0	0.0	0.0	0.0	0.0	0.0	0.0	0.0	0.0	0.0	0.0	0.0	0.0	0.0	0.0	0.0	0.025	0.0	0.0	0.0	0.0	0.0	0.0	0.0

想个护士女朋友？不过本人已毕业，要求不是大四就要毕业参加工作的 坐标要求广州 有意点赞 ​​​	4	3	2017-02-20 15:58    
0.579	0.0	0.0	0.139	0.0	0.0	0.0	0.0	0.0	0.0	0.0	0.0	0.0	0.0	0.0	0.033	0.0	0.0	0.0	0.0	0.0	0.0	0.0	0.0	0.0	0.0	0.0	0.0	0.0	0.0

从大一在一起，大三分手，每天都有你的日子过习惯了之后自己一个人不知道该怎么办才好，很想念你的抱抱，有很多话想和你说，但我知道我不能。微信收藏里你发给我消息 我们的照片 聊天记录我都没有删 但也不敢再看 我好想你 但两个月 你已经有了新的女朋友   原本就是因为她才分手的 只能祝你们幸福了 ​​​	4	6	2017-02-20 01:14    
0.579	0.0	0.0	0.139	0.0	0.0	0.066	0.0	0.0	0.0	0.0	0.0	0.033	0.0	0.0	0.0	0.0	0.0	0.0	0.0	0.0	0.0	0.0	0.0	0.0	0.0	0.0	0.0	0.0	0.0

93年有车、存款才几万、没女朋友会不会很失败？[失望] ​​​	2	11	2017-02-19 19:40    
0.579	0.0	0.0	0.139	0.0	0.0	0.0	0.0	0.0	0.0	0.0	0.0	0.0	0.0	0.0	0.0	0.0	0.0	0.0	0.0	0.0	0.0	0.0	0.0	0.0	0.0	0.0	0.0	0.0	0.0

和男朋友在一起两个月我97他比我大四岁 平时都对我很好什么都听我的都将就着我 他跟我说他的以前的时候我总会有点不开心 他的前女友为他打过胎 我以前是很厌恶那种男人的 还去叫过鸡。。。。想问下男人都这样吗？其实心里还挺介意的 觉得一个男人让女朋友打胎是很不负责的 大家怎么看 ​​​	9	39	2017-02-17 14:17    
0.579	0.0	0.0	0.139	0.0	0.09	0.0	0.0	0.0	0.041	0.0	0.0	0.0	0.0	0.0	0.0	0.0	0.0	0.0	0.0	0.0	0.0	0.0	0.025	0.0	0.0	0.0	0.0	0.0	0.0

本人今年大三，身高176，体重66kg，长得还可以，真心想找个心地善良的女朋友，一起努力一起成长。对长相没有要求，但希望能有160以上，有意点赞或评论。我会私信你我的照片 ​​​	8	10	2017-02-16 15:29    
0.579	0.0	0.0	0.139	0.0	0.0	0.0	0.0	0.0	0.0	0.0	0.037	0.0	0.0	0.033	0.033	0.0	0.029	0.0	0.029	0.0	0.0	0.0	0.0	0.0	0.0	0.0	0.0	0.0	0.0

家里人给我买了驾飞机，我不想要，非得给我买。已经有个游艇了还买啥买，这飞机又只出一半钱，剩下的要我月供，我要供上好几个月才能还完，好想找个女朋友一起分担。 ​​​	8	18	2017-02-07 19:43    
0.579	0.0	0.0	0.139	0.0	0.0	0.0	0.0	0.0	0.0	0.0	0.0	0.0	0.0	0.0	0.0	0.0	0.029	0.0	0.0	0.0	0.0	0.0	0.0	0.0	0.0	0.0	0.0	0.0	0.0

女朋友生日快到了，在纠结送什么礼物好？ ​​​	2	15	2017-01-30 20:50    
0.579	0.0	0.0	0.139	0.0	0.0	0.0	0.0	0.0	0.0	0.0	0.0	0.0	0.0	0.0	0.0	0.0	0.0	0.0	0.0	0.0	0.0	0.0	0.0	0.0	0.0	0.0	0.0	0.0	0.0

我身边的男性朋友或同学都会和女朋友跨完年（电话或者微信），再决定是否要和朋友一起出去玩，上面评论那些作的矫情的说分手的，不知道你是否有女朋友[呵呵] ​​​	4	17	2017-01-28 17:28    
0.579	0.0	0.0	0.139	0.0	0.0	0.066	0.053	0.0	0.0	0.0	0.0	0.0	0.0	0.033	0.0	0.0	0.0	0.0	0.0	0.0	0.0	0.0	0.0	0.0	0.0	0.0	0.0	0.0	0.0

我的女朋友真的好懂事，真的好爱她，必定对她死心塌地！！！ ​​​	12	18	2017-01-28 20:17    
0.579	0.0	0.0	0.139	0.0	0.0	0.0	0.0	0.0	0.0	0.0	0.0	0.0	0.0	0.0	0.0	0.0	0.0	0.0	0.0	0.0	0.0	0.0	0.0	0.0	0.0	0.0	0.0	0.0	0.0

她有男朋友，我有女朋友。我们是好朋友（无需多说，便懂你的那种）。但是昨晚竟然梦见，在背着各自男女朋友的情况下，我们自然而然的在一起！梦中还亲嘴，感觉很美好！何解！[Facepalm][Facepalm] ​​​	2	11	2017-02-28 13:13    
0.579	0.0	0.0	0.139	0.0	0.09	0.0	0.053	0.045	0.0	0.0	0.0	0.0	0.0	0.0	0.0	0.0	0.0	0.0	0.0	0.0	0.0	0.0	0.025	0.0	0.0	0.0	0.0	0.0	0.0

想找一个摄影协会的男朋友。需要女朋友的评论 ​​​	2	7	2017-03-03 16:37    
0.579	0.0	0.0	0.139	0.0	0.09	0.0	0.0	0.0	0.0	0.0	0.0	0.0	0.0	0.033	0.0	0.0	0.0	0.0	0.0	0.0	0.0	0.0	0.0	0.0	0.0	0.0	0.0	0.0	0.0

打吧打吧，打游戏把女朋友打丢了！活该！ ​​​	6	5	2017-03-06 11:13    
0.579	0.0	0.0	0.139	0.0	0.0	0.0	0.0	0.0	0.0	0.0	0.0	0.0	0.0	0.0	0.0	0.0	0.0	0.0	0.0	0.0	0.0	0.0	0.0	0.0	0.0	0.0	0.0	0.0	0.0

很好奇，是哪一个瞬间让你决定放弃（分手）你的男朋友/女朋友。我的是他甩掉我手，毅然离去，留我一个人在原地哭泣的那一瞬间，没有什么东西可以再让我原谅！ ​​​	6	4	2017-03-11 00:12    
0.579	0.0	0.0	0.139	0.0	0.09	0.066	0.0	0.0	0.0	0.0	0.0	0.0	0.0	0.0	0.0	0.0	0.0	0.0	0.0	0.0	0.0	0.0	0.0	0.0	0.0	0.0	0.0	0.0	0.0

如果我答应做你一天女朋友，你便如何度过这一天 ​​​	2	19	2017-03-09 15:08    
0.579	0.0	0.0	0.139	0.0	0.0	0.0	0.0	0.0	0.0	0.0	0.0	0.0	0.0	0.0	0.0	0.0	0.0	0.0	0.0	0.0	0.0	0.0	0.0	0.0	0.0	0.0	0.0	0.0	0.0

发现自己真的很需要一位女朋友，有没有单着身而且想谈恋爱的妹子？请留言！对女朋友我使命必达！只有不触碰底线！ ​​​	4	14	2017-03-18 22:55    
0.579	0.0	0.0	0.139	0.0	0.0	0.0	0.0	0.0	0.0	0.0	0.0	0.0	0.0	0.0	0.0	0.0	0.0	0.0	0.0	0.0	0.0	0.0	0.0	0.0	0.0	0.0	0.0	0.0	0.0

如果女朋友被性侵了，你们会离开她吗，或者说当时不会离开但是心里会介意最后迟早都是离开 ​​​	2	21	2017-03-07 21:09    
0.579	0.0	0.0	0.139	0.0	0.0	0.0	0.0	0.0	0.0	0.0	0.0	0.0	0.0	0.0	0.0	0.0	0.0	0.0	0.0	0.0	0.0	0.0	0.0	0.0	0.0	0.0	0.0	0.0	0.0

可能这辈子找不到女朋友了 [脸红] ​​​	3	9	2017-03-07 19:11    
0.579	0.0	0.0	0.139	0.0	0.0	0.0	0.0	0.0	0.0	0.0	0.0	0.0	0.0	0.0	0.0	0.0	0.0	0.0	0.0	0.0	0.0	0.0	0.0	0.0	0.0	0.0	0.0	0.0	0.0

他说  你身体真滑   然后我问   你女朋友身体不滑吗  他沉默   然后继续 ​​​	3	14	2017-03-28 23:37    
0.579	0.0	0.0	0.139	0.0	0.0	0.0	0.0	0.0	0.0	0.0	0.0	0.0	0.0	0.0	0.0	0.0	0.0	0.0	0.0	0.0	0.029	0.0	0.0	0.0	0.0	0.0	0.0	0.0	0.0

你有女朋友吗有了算了，那我不摔你杯子了你摔了我就有了 ​​​	27	5	2017-03-29 22:22    
0.579	0.0	0.0	0.139	0.0	0.0	0.0	0.0	0.0	0.0	0.0	0.0	0.0	0.0	0.0	0.0	0.0	0.0	0.0	0.0	0.0	0.0	0.0	0.0	0.0	0.0	0.0	0.0	0.0	0.0

我想找一个女朋友这个世界时间不停留究竟还要忍受多久沉默多久孤单好难受我想找一个女朋友给她世上最好的温柔珍惜她的每个微笑每个拥抱那是多甜蜜多美妙 ​​​	4	5	2017-04-09 17:41    
0.579	0.0	0.0	0.139	0.0	0.0	0.0	0.0	0.0	0.0	0.0	0.0	0.0	0.0	0.0	0.0	0.0	0.0	0.0	0.0	0.0	0.0	0.0	0.0	0.0	0.0	0.0	0.0	0.0	0.0

本人180+长得不算差，也想找个女朋友无奈一直找不到 ​​​	4	16	2017-04-10 10:16    
0.579	0.0	0.0	0.139	0.0	0.0	0.0	0.0	0.0	0.0	0.0	0.0	0.0	0.0	0.0	0.0	0.0	0.029	0.0	0.0	0.0	0.0	0.0	0.0	0.0	0.0	0.0	0.0	0.0	0.0

第一次见面感觉有点心动，哈哈，为了多见他几次每周都会买点温通膏，高高的，壮壮的。哈哈，但是你能不能别对我太礼貌啊。希望能够进一步了解一下你。希望你没有女朋友[害羞][害羞] ​​​	3	4	2017-04-10 01:04    
0.579	0.0	0.0	0.139	0.0	0.0	0.0	0.0	0.045	0.0	0.0	0.037	0.0	0.0	0.0	0.0	0.0	0.0	0.0	0.0	0.0	0.0	0.0	0.0	0.0	0.0	0.0	0.0	0.0	0.0

